3 0.603516 0.875694 0.063281 0.087500
3 0.714844 0.589583 0.046875 0.079167
0 0.676953 0.409028 0.036719 0.054167
4 0.653516 0.295139 0.033594 0.048611
3 0.741016 0.212500 0.028906 0.038889
3 0.545313 0.365278 0.034375 0.050000
6 0.505078 0.383333 0.039844 0.052778
3 0.508203 0.274306 0.027344 0.043056
1 0.510156 0.185417 0.018750 0.034722
3 0.432031 0.227778 0.023438 0.038889
7 0.418750 0.284722 0.029687 0.044444
5 0.362891 0.238889 0.024219 0.038889
3 0.333203 0.325000 0.032031 0.047222
3 0.231250 0.315278 0.034375 0.044444
3 0.259766 0.240972 0.024219 0.043056
2 0.255859 0.186111 0.027344 0.041667
3 0.194531 0.172917 0.020312 0.037500
3 0.201172 0.156250 0.021094 0.037500
