1 0.531250 0.181250 0.034375 0.056944
3 0.594922 0.323611 0.041406 0.072222
3 0.352344 0.426389 0.046875 0.075000
3 0.308203 0.340972 0.044531 0.076389
7 0.456641 0.350000 0.038281 0.075000
3 0.191406 0.370139 0.046875 0.070833
3 0.166016 0.404167 0.050781 0.083333
3 0.126563 0.290278 0.045313 0.069444
3 0.087891 0.239583 0.038281 0.059722
3 0.029297 0.263194 0.041406 0.062500
2 0.186328 0.271528 0.042969 0.059722
3 0.898828 0.465972 0.063281 0.093056
0 0.891016 0.431944 0.047656 0.069444
3 0.829687 0.455556 0.048437 0.066667
3 0.843359 0.437500 0.044531 0.072222
3 0.788281 0.441667 0.046875 0.072222
5 0.806641 0.418750 0.038281 0.073611
