3 0.669141 0.892361 0.061719 0.098611
3 0.708594 0.373611 0.031250 0.044444
3 0.810547 0.225000 0.025781 0.036111
3 0.610156 0.375000 0.034375 0.058333
3 0.573438 0.283333 0.028125 0.036111
1 0.575000 0.195139 0.023438 0.037500
7 0.484766 0.292361 0.032031 0.048611
5 0.427734 0.243056 0.028906 0.041667
3 0.325781 0.248611 0.026563 0.038889
2 0.322266 0.197222 0.021094 0.030556
3 0.340625 0.291667 0.026563 0.038889
3 0.298438 0.319444 0.032812 0.047222
3 0.397656 0.333333 0.026563 0.044444
4 0.383984 0.315278 0.028906 0.047222
3 0.055469 0.427778 0.039062 0.052778
3 0.263672 0.183333 0.022656 0.033333
3 0.269141 0.163194 0.022656 0.031944
0 0.742969 0.418056 0.034375 0.058333
6 0.570703 0.395833 0.033594 0.052778
