3 0.232031 0.310417 0.032812 0.043056
3 0.194531 0.173611 0.020312 0.030556
3 0.204297 0.161806 0.025781 0.043056
2 0.255469 0.188889 0.026563 0.041667
3 0.259375 0.240278 0.031250 0.041667
3 0.335156 0.325000 0.031250 0.047222
5 0.362891 0.236806 0.024219 0.037500
7 0.417969 0.281944 0.025000 0.041667
3 0.432422 0.225000 0.024219 0.038889
3 0.508594 0.273611 0.025000 0.038889
3 0.544531 0.361806 0.028125 0.056944
1 0.509766 0.183333 0.025781 0.033333
6 0.506250 0.380556 0.037500 0.052778
0 0.677344 0.408333 0.035937 0.050000
4 0.670313 0.296528 0.031250 0.043056
3 0.742969 0.211806 0.020312 0.026389
3 0.741797 0.576389 0.046094 0.069444
3 0.607031 0.875694 0.059375 0.101389
