3 0.676562 0.889583 0.062500 0.101389
3 0.717969 0.373611 0.031250 0.050000
3 0.819922 0.221528 0.028906 0.037500
3 0.408594 0.336806 0.029687 0.048611
3 0.581641 0.284722 0.030469 0.044444
3 0.617188 0.372917 0.032812 0.051389
6 0.578516 0.395139 0.035156 0.051389
1 0.585156 0.194444 0.021875 0.030556
2 0.331250 0.201389 0.023438 0.036111
3 0.335156 0.250694 0.026563 0.037500
3 0.329297 0.298611 0.028906 0.047222
3 0.307422 0.323611 0.025781 0.050000
3 0.063672 0.431944 0.036719 0.055556
4 0.141406 0.294444 0.029687 0.041667
3 0.272656 0.188194 0.020312 0.026389
3 0.278516 0.169444 0.019531 0.030556
5 0.439063 0.248611 0.034375 0.047222
7 0.494141 0.296528 0.028906 0.043056
0 0.753125 0.418750 0.034375 0.054167
