4 0.692578 0.352778 0.028906 0.038889
3 0.719531 0.397222 0.034375 0.063889
3 0.741797 0.217361 0.025781 0.029167
3 0.605078 0.886806 0.061719 0.101389
0 0.678125 0.418750 0.035937 0.054167
3 0.547656 0.376389 0.034375 0.052778
3 0.509375 0.284028 0.032812 0.043056
1 0.508984 0.193750 0.027344 0.031944
3 0.346094 0.261806 0.023438 0.043056
5 0.362500 0.243750 0.025000 0.037500
7 0.419141 0.291667 0.028906 0.047222
3 0.332812 0.338194 0.039062 0.051389
3 0.228906 0.322222 0.034375 0.038889
3 0.260547 0.251389 0.019531 0.038889
2 0.254297 0.195833 0.024219 0.033333
3 0.192188 0.183333 0.020312 0.030556
3 0.199609 0.170833 0.017969 0.027778
6 0.502344 0.391667 0.034375 0.058333
