0 0.843359 0.331250 0.033594 0.051389
3 0.764844 0.299306 0.029687 0.045833
3 0.668750 0.183333 0.025000 0.033333
6 0.683594 0.329861 0.026563 0.045833
3 0.695312 0.311806 0.025000 0.051389
3 0.477344 0.306250 0.029687 0.037500
3 0.556250 0.250000 0.026563 0.041667
3 0.303125 0.419444 0.029687 0.050000
3 0.185937 0.839583 0.059375 0.093056
3 0.295312 0.246528 0.025000 0.040278
3 0.170312 0.190278 0.025000 0.030556
3 0.154297 0.173611 0.014844 0.033333
3 0.369922 0.306250 0.030469 0.051389
3 0.355078 0.286111 0.017969 0.033333
4 0.342578 0.274306 0.027344 0.045833
5 0.381250 0.231944 0.026563 0.041667
1 0.442578 0.178472 0.024219 0.034722
3 0.124609 0.022222 0.011719 0.025000
3 0.166797 0.006944 0.011719 0.013889
6 0.296484 0.049306 0.011719 0.020833
7 0.249609 0.054861 0.016406 0.020833
3 0.416406 0.029167 0.012500 0.022222
3 0.444922 0.030556 0.016406 0.025000
3 0.436328 0.013889 0.010156 0.019444
3 0.246094 0.004167 0.010937 0.008333
