3 0.469922 0.427083 0.030469 0.051389
3 0.553906 0.381944 0.026563 0.041667
3 0.630078 0.408333 0.030469 0.050000
4 0.409766 0.514583 0.038281 0.054167
7 0.360156 0.499306 0.039062 0.056944
3 0.266406 0.620833 0.043750 0.066667
0 0.141406 0.755556 0.051562 0.075000
5 0.682031 0.422917 0.032812 0.043056
3 0.724609 0.434028 0.035156 0.051389
3 0.687109 0.342361 0.027344 0.040278
3 0.667969 0.323611 0.028125 0.036111
3 0.728125 0.320833 0.023438 0.038889
3 0.895703 0.370139 0.028906 0.045833
1 0.985547 0.425000 0.028906 0.044444
