3 0.328906 0.435417 0.034375 0.054167
3 0.216406 0.853472 0.060938 0.087500
3 0.503125 0.322222 0.026563 0.044444
3 0.583594 0.265278 0.025000 0.033333
3 0.696094 0.197222 0.018750 0.036111
3 0.793750 0.315972 0.026563 0.040278
0 0.871875 0.343056 0.026563 0.041667
1 0.469531 0.193750 0.018750 0.031944
7 0.521875 0.278472 0.025000 0.043056
3 0.322266 0.261806 0.022656 0.034722
5 0.408594 0.246528 0.023438 0.034722
2 0.242188 0.218750 0.023438 0.034722
3 0.198828 0.206944 0.021094 0.030556
3 0.183984 0.193750 0.022656 0.034722
3 0.395312 0.320833 0.025000 0.038889
3 0.384375 0.300000 0.025000 0.030556
4 0.367969 0.287500 0.026563 0.041667
6 0.712109 0.343750 0.028906 0.037500
3 0.726953 0.327778 0.030469 0.041667
