3 0.348828 0.422917 0.050781 0.070833
3 0.596484 0.323611 0.042969 0.075000
3 0.308203 0.340278 0.041406 0.072222
3 0.171094 0.411806 0.050000 0.070833
3 0.190234 0.368750 0.046094 0.068056
3 0.125000 0.292361 0.042188 0.062500
3 0.092188 0.242361 0.042188 0.070833
3 0.031641 0.268750 0.049219 0.079167
2 0.189453 0.267361 0.044531 0.070833
3 0.897656 0.456944 0.053125 0.075000
0 0.887891 0.431944 0.049219 0.066667
3 0.829297 0.460417 0.047656 0.087500
3 0.845312 0.431944 0.040625 0.075000
3 0.789062 0.441667 0.048437 0.083333
5 0.810156 0.420139 0.042188 0.073611
7 0.458594 0.347917 0.039062 0.065278
1 0.532031 0.181250 0.035937 0.065278
