0 0.867578 0.508333 0.035156 0.058333
1 0.898047 0.498611 0.038281 0.061111
2 0.971875 0.742361 0.054688 0.090278
3 0.912109 0.422222 0.033594 0.055556
3 0.829297 0.368056 0.030469 0.044444
3 0.827344 0.345139 0.029687 0.034722
3 0.746875 0.353472 0.026563 0.037500
3 0.757812 0.338889 0.026563 0.041667
4 0.627734 0.376389 0.030469 0.047222
3 0.618359 0.431944 0.033594 0.047222
5 0.601172 0.417361 0.033594 0.048611
3 0.567187 0.356944 0.029687 0.047222
3 0.455078 0.380556 0.032031 0.052778
3 0.432422 0.372222 0.024219 0.041667
3 0.137891 0.296528 0.025781 0.037500
