3 0.101562 0.207639 0.015625 0.031944
3 0.162891 0.401389 0.032031 0.038889
3 0.295703 0.271528 0.024219 0.043056
7 0.441016 0.400000 0.032031 0.041667
4 0.385938 0.522222 0.037500 0.052778
3 0.587500 0.679861 0.050000 0.073611
3 0.657031 0.436111 0.028125 0.044444
5 0.650781 0.415278 0.031250 0.041667
3 0.649609 0.391667 0.027344 0.036111
3 0.652734 0.358333 0.025781 0.036111
3 0.822656 0.452778 0.031250 0.044444
2 0.826563 0.770833 0.054688 0.083333
1 0.904688 0.529861 0.039062 0.056944
3 0.976562 0.459028 0.037500 0.054167
3 0.843359 0.373611 0.024219 0.041667
3 0.862891 0.358333 0.024219 0.038889
