7 0.495313 0.419444 0.045313 0.072222
3 0.662109 0.411111 0.047656 0.069444
3 0.301953 0.487500 0.049219 0.080556
3 0.360156 0.394444 0.050000 0.072222
2 0.336719 0.308333 0.040625 0.058333
3 0.251953 0.318750 0.041406 0.065278
3 0.196094 0.285417 0.040625 0.056944
3 0.222656 0.191667 0.032812 0.063889
3 0.212109 0.413889 0.046094 0.080556
3 0.150391 0.450694 0.053906 0.070833
3 0.810938 0.613194 0.059375 0.090278
1 0.772656 0.243056 0.037500 0.066667
5 0.752344 0.529861 0.043750 0.051389
0 0.832812 0.575694 0.051562 0.087500
3 0.780859 0.570139 0.053906 0.079167
3 0.739844 0.595139 0.057813 0.087500
3 0.709375 0.563194 0.050000 0.081944
