4 0.136719 0.447222 0.035937 0.050000
3 0.150000 0.287500 0.023438 0.033333
3 0.442969 0.365278 0.023438 0.041667
3 0.465625 0.373611 0.029687 0.041667
3 0.575391 0.346528 0.021094 0.034722
5 0.593750 0.379167 0.025000 0.038889
5 0.609766 0.405556 0.024219 0.038889
3 0.630469 0.427778 0.031250 0.047222
3 0.756641 0.349306 0.024219 0.034722
3 0.768750 0.332639 0.023438 0.040278
3 0.838281 0.340278 0.031250 0.038889
3 0.923828 0.415972 0.028906 0.051389
1 0.909375 0.488889 0.032812 0.055556
2 0.979688 0.725694 0.040625 0.076389
0 0.880859 0.496528 0.039844 0.048611
