4 0.677344 0.559028 0.040625 0.059722
3 0.265625 0.623611 0.043750 0.063889
3 0.471484 0.427083 0.039844 0.051389
3 0.554688 0.382639 0.032812 0.043056
3 0.628906 0.406944 0.035937 0.047222
5 0.683594 0.425000 0.032812 0.047222
3 0.725781 0.437500 0.032812 0.044444
3 0.893359 0.365972 0.028906 0.037500
1 0.985547 0.426389 0.028906 0.052778
3 0.728125 0.320833 0.026563 0.033333
3 0.685938 0.342361 0.029687 0.037500
3 0.669141 0.327778 0.024219 0.036111
7 0.361719 0.499306 0.048437 0.059722
0 0.142188 0.754861 0.051562 0.070833
