5 0.750391 0.537500 0.039844 0.041667
2 0.333594 0.305556 0.037500 0.058333
3 0.224219 0.191667 0.037500 0.055556
3 0.195703 0.279861 0.036719 0.059722
3 0.215625 0.409722 0.046875 0.061111
3 0.255469 0.311806 0.043750 0.062500
3 0.150781 0.447222 0.046875 0.069444
3 0.301953 0.484722 0.050781 0.075000
3 0.358203 0.393056 0.042969 0.066667
7 0.496875 0.416667 0.046875 0.069444
3 0.660547 0.412500 0.044531 0.072222
1 0.771484 0.243750 0.036719 0.059722
0 0.830859 0.575000 0.044531 0.077778
3 0.808984 0.602083 0.052344 0.068056
3 0.776953 0.566667 0.046094 0.072222
3 0.735156 0.595139 0.054688 0.081944
3 0.708203 0.570139 0.046094 0.087500
