1 0.986719 0.427083 0.026563 0.054167
3 0.895312 0.369444 0.029687 0.044444
3 0.727734 0.319444 0.025781 0.038889
3 0.726562 0.434722 0.035937 0.047222
3 0.688672 0.343056 0.027344 0.044444
3 0.669141 0.325000 0.028906 0.038889
5 0.683594 0.426389 0.031250 0.047222
3 0.630859 0.409722 0.033594 0.041667
3 0.555469 0.381250 0.028125 0.040278
3 0.469922 0.427778 0.032031 0.044444
4 0.323438 0.519444 0.039062 0.058333
3 0.266797 0.621528 0.044531 0.062500
0 0.142969 0.756250 0.053125 0.073611
7 0.250000 0.461806 0.035937 0.054167
