3 0.607422 0.877083 0.060156 0.104167
3 0.695703 0.600694 0.047656 0.065278
0 0.677344 0.413194 0.037500 0.054167
4 0.640625 0.295833 0.029687 0.044444
3 0.743359 0.211806 0.021094 0.037500
3 0.546484 0.367361 0.032031 0.048611
3 0.508984 0.277083 0.030469 0.043056
6 0.506250 0.384722 0.034375 0.044444
1 0.512500 0.187500 0.026563 0.038889
3 0.433984 0.227778 0.024219 0.038889
7 0.418359 0.284028 0.030469 0.043056
5 0.362891 0.238889 0.028906 0.038889
3 0.334375 0.327083 0.034375 0.040278
3 0.230078 0.318056 0.030469 0.044444
3 0.259766 0.241667 0.025781 0.038889
2 0.255078 0.190278 0.024219 0.036111
3 0.196094 0.176389 0.020312 0.036111
3 0.201562 0.160417 0.018750 0.026389
