5 0.282813 0.548611 0.075000 0.111111
1 0.773047 0.306250 0.060156 0.101389
3 0.614062 0.481944 0.065625 0.111111
3 0.549609 0.494444 0.066406 0.102778
3 0.562109 0.431250 0.050781 0.056944
3 0.515234 0.411111 0.057031 0.058333
3 0.470703 0.388194 0.044531 0.051389
3 0.428516 0.369444 0.052344 0.052778
3 0.405469 0.397222 0.053125 0.047222
3 0.386719 0.431944 0.057813 0.052778
3 0.362891 0.456944 0.053906 0.044444
3 0.344141 0.525694 0.071094 0.118056
3 0.412109 0.509028 0.063281 0.104167
3 0.438672 0.444444 0.033594 0.047222
3 0.459375 0.416667 0.040625 0.047222
3 0.491406 0.435417 0.048437 0.043056
3 0.481250 0.500694 0.060938 0.109722
