3 0.782422 0.550000 0.047656 0.077778
3 0.603516 0.871528 0.060156 0.095833
6 0.502344 0.381250 0.032812 0.045833
3 0.542969 0.358333 0.034375 0.052778
0 0.675781 0.405556 0.034375 0.052778
4 0.708594 0.301389 0.029687 0.041667
3 0.739844 0.209028 0.026563 0.037500
3 0.508203 0.271528 0.027344 0.040278
1 0.507422 0.179861 0.024219 0.037500
3 0.430078 0.225000 0.021094 0.041667
7 0.417969 0.280556 0.029687 0.041667
5 0.360156 0.234722 0.025000 0.036111
3 0.331641 0.322917 0.028906 0.048611
3 0.226172 0.311111 0.030469 0.044444
3 0.252734 0.235417 0.030469 0.040278
2 0.255078 0.188889 0.019531 0.036111
3 0.191016 0.168750 0.016406 0.040278
3 0.198828 0.152083 0.021094 0.031944
