3 0.323438 0.591667 0.070312 0.116667
3 0.239453 0.340972 0.057031 0.087500
3 0.216406 0.307639 0.046875 0.070833
3 0.175781 0.338194 0.046875 0.079167
3 0.149219 0.309028 0.046875 0.084722
5 0.195703 0.364583 0.058594 0.090278
0 0.123047 0.331944 0.053906 0.083333
7 0.570312 0.552778 0.065625 0.108333
3 0.745703 0.419444 0.063281 0.113889
3 0.817578 0.591667 0.075781 0.122222
3 0.971094 0.534028 0.057813 0.115278
3 0.979688 0.451389 0.040625 0.077778
6 0.943750 0.050000 0.040625 0.066667
3 0.967578 0.018750 0.042969 0.034722
