3 0.615234 0.476389 0.067969 0.094444
3 0.548437 0.492361 0.065625 0.104167
3 0.482812 0.502083 0.064062 0.104167
3 0.414844 0.513194 0.070312 0.106944
3 0.346094 0.523611 0.068750 0.111111
3 0.362500 0.465972 0.048437 0.062500
3 0.432813 0.450694 0.045313 0.051389
3 0.496875 0.445139 0.048437 0.062500
3 0.566797 0.429861 0.058594 0.059722
3 0.514844 0.409028 0.056250 0.054167
3 0.472656 0.386806 0.056250 0.054167
3 0.452734 0.419444 0.050781 0.044444
3 0.425391 0.365972 0.061719 0.056944
3 0.402734 0.393750 0.052344 0.040278
3 0.387109 0.426389 0.055469 0.041667
5 0.283984 0.554167 0.078906 0.116667
1 0.773047 0.305556 0.061719 0.094444
