3 0.065625 0.277083 0.064062 0.101389
3 0.125000 0.404861 0.078125 0.112500
3 0.225000 0.236806 0.067188 0.101389
3 0.781250 0.406944 0.073437 0.125000
3 0.433984 0.252083 0.067969 0.104167
3 0.498047 0.088194 0.052344 0.087500
3 0.414844 0.934722 0.100000 0.130556
3 0.343750 0.867361 0.100000 0.148611
3 0.385547 0.807639 0.091406 0.156944
3 0.466797 0.840972 0.089844 0.134722
0 0.514453 0.907639 0.096094 0.151389
5 0.501172 0.787500 0.094531 0.152778
7 0.533594 0.352778 0.065625 0.102778
2 0.623828 0.090278 0.057031 0.091667
