3 0.858594 0.448611 0.042188 0.061111
3 0.531641 0.368750 0.032031 0.051389
3 0.726953 0.213194 0.024219 0.040278
3 0.493750 0.277778 0.032812 0.041667
3 0.369531 0.247222 0.023438 0.044444
3 0.320703 0.329167 0.028906 0.041667
3 0.213672 0.313889 0.025781 0.044444
3 0.241797 0.247917 0.022656 0.043056
2 0.237891 0.190972 0.017969 0.026389
3 0.178125 0.177778 0.015625 0.027778
3 0.186719 0.163194 0.023438 0.023611
1 0.494141 0.186806 0.021094 0.037500
7 0.403906 0.289583 0.032812 0.048611
6 0.490625 0.386111 0.028125 0.055556
3 0.591797 0.878472 0.061719 0.098611
0 0.662891 0.410417 0.035156 0.051389
4 0.827344 0.337500 0.032812 0.050000
