3 0.359766 0.471528 0.046094 0.070833
6 0.435156 0.629167 0.056250 0.086111
4 0.160547 0.334028 0.049219 0.059722
0 0.612891 0.760417 0.060156 0.098611
7 0.581641 0.430556 0.046094 0.063889
3 0.475000 0.324306 0.042188 0.048611
3 0.521484 0.247222 0.032031 0.044444
3 0.557422 0.259722 0.028906 0.038889
2 0.594922 0.234722 0.028906 0.044444
3 0.620313 0.261111 0.039062 0.052778
5 0.620703 0.338889 0.041406 0.055556
3 0.742188 0.342361 0.046875 0.059722
3 0.736719 0.444444 0.051562 0.069444
1 0.983203 0.287500 0.033594 0.052778
3 0.543359 0.617361 0.057031 0.084722
