3 0.166797 0.184722 0.022656 0.036111
3 0.152344 0.173611 0.023438 0.030556
3 0.185547 0.834028 0.063281 0.115278
3 0.300781 0.418750 0.035937 0.051389
3 0.294922 0.245139 0.030469 0.037500
4 0.337109 0.274306 0.021094 0.043056
3 0.353516 0.279167 0.024219 0.038889
3 0.366797 0.304861 0.024219 0.045833
3 0.475391 0.308333 0.027344 0.041667
5 0.381641 0.229167 0.033594 0.038889
1 0.440234 0.172917 0.024219 0.029167
3 0.557031 0.248611 0.029687 0.044444
7 0.494922 0.262500 0.030469 0.036111
6 0.680859 0.331250 0.027344 0.040278
3 0.694141 0.309028 0.028906 0.037500
3 0.764063 0.301389 0.032812 0.041667
0 0.843750 0.325694 0.034375 0.054167
