3 0.638672 0.418750 0.066406 0.109722
3 0.571094 0.427083 0.070312 0.098611
3 0.502734 0.436806 0.069531 0.106944
3 0.432813 0.448611 0.070312 0.116667
3 0.362891 0.454167 0.067969 0.108333
5 0.296484 0.472917 0.075781 0.118056
1 0.797266 0.286111 0.061719 0.094444
3 0.585938 0.370833 0.053125 0.036111
3 0.514453 0.377083 0.053906 0.034722
3 0.538281 0.354861 0.057813 0.043056
3 0.447266 0.385417 0.044531 0.031944
3 0.381250 0.388194 0.045313 0.040278
3 0.404297 0.369444 0.046094 0.041667
3 0.410156 0.338889 0.007812 0.002778
3 0.419531 0.344444 0.029687 0.038889
3 0.446484 0.325000 0.053906 0.047222
3 0.489844 0.335417 0.043750 0.034722
3 0.458984 0.355556 0.052344 0.033333
