3 0.271875 0.622222 0.042188 0.063889
4 0.089062 0.533333 0.042188 0.052778
7 0.023438 0.380556 0.034375 0.047222
3 0.480859 0.429167 0.032031 0.047222
3 0.560547 0.383333 0.030469 0.041667
3 0.634766 0.408333 0.035156 0.050000
5 0.687500 0.420139 0.031250 0.048611
3 0.728516 0.434722 0.039844 0.052778
3 0.734375 0.318750 0.025000 0.034722
3 0.691406 0.340972 0.026563 0.037500
3 0.673047 0.324306 0.027344 0.031944
3 0.899609 0.368056 0.028906 0.041667
1 0.990234 0.427083 0.019531 0.056944
0 0.147656 0.754167 0.051562 0.077778
