3 0.584375 0.679167 0.043750 0.075000
3 0.972266 0.457639 0.039844 0.054167
1 0.900391 0.529167 0.038281 0.058333
2 0.823828 0.768750 0.055469 0.093056
3 0.839063 0.372222 0.026563 0.050000
3 0.859766 0.359028 0.028906 0.045833
3 0.654297 0.436806 0.032031 0.043056
4 0.510156 0.510417 0.037500 0.054167
5 0.648828 0.411111 0.030469 0.038889
3 0.648828 0.388889 0.030469 0.033333
3 0.649609 0.356944 0.028906 0.038889
7 0.437500 0.394444 0.031250 0.047222
3 0.293359 0.270139 0.021094 0.031944
3 0.160547 0.395833 0.030469 0.038889
3 0.099219 0.205556 0.020312 0.033333
