0 0.837500 0.572917 0.046875 0.076389
3 0.301953 0.482639 0.050781 0.076389
3 0.213281 0.405556 0.051562 0.069444
3 0.149609 0.442361 0.052344 0.068056
3 0.198047 0.279167 0.038281 0.058333
3 0.221875 0.184722 0.035937 0.052778
3 0.255078 0.309722 0.041406 0.061111
2 0.336328 0.293056 0.038281 0.061111
3 0.360547 0.386111 0.046094 0.066667
7 0.496875 0.411806 0.046875 0.068056
3 0.662109 0.403472 0.052344 0.068056
1 0.776172 0.240278 0.041406 0.058333
3 0.737891 0.596528 0.057031 0.101389
3 0.774609 0.572917 0.039844 0.087500
3 0.812500 0.604167 0.056250 0.100000
3 0.714844 0.558333 0.060938 0.080556
5 0.755469 0.531250 0.046875 0.059722
