4 0.160938 0.334722 0.042188 0.055556
3 0.360938 0.474306 0.050000 0.079167
6 0.435937 0.624306 0.051562 0.087500
3 0.539844 0.617361 0.059375 0.084722
0 0.612891 0.756944 0.067969 0.094444
7 0.582422 0.431944 0.046094 0.066667
3 0.738281 0.438194 0.048437 0.068056
3 0.746875 0.343750 0.042188 0.056944
5 0.626172 0.340972 0.042969 0.062500
3 0.477344 0.325000 0.039062 0.055556
3 0.525391 0.243056 0.032031 0.047222
3 0.558203 0.259722 0.025781 0.050000
2 0.595703 0.243056 0.033594 0.041667
3 0.619141 0.259028 0.032031 0.043056
1 0.982422 0.291667 0.033594 0.061111
