3 0.585156 0.679167 0.045313 0.069444
3 0.972266 0.457639 0.035156 0.045833
3 0.838281 0.372917 0.023438 0.040278
3 0.857813 0.356944 0.026563 0.044444
3 0.655859 0.438194 0.035156 0.048611
1 0.900781 0.529167 0.039062 0.058333
2 0.822266 0.768750 0.052344 0.087500
4 0.510156 0.509722 0.035937 0.055556
7 0.436719 0.393056 0.028125 0.047222
3 0.160938 0.401389 0.026563 0.047222
3 0.292578 0.272222 0.022656 0.038889
3 0.098047 0.208333 0.019531 0.027778
5 0.646875 0.413194 0.026563 0.037500
3 0.646875 0.388889 0.031250 0.041667
3 0.649219 0.357639 0.026563 0.037500
