3 0.289453 0.240972 0.064844 0.101389
3 0.190234 0.405556 0.077344 0.105556
3 0.130078 0.281944 0.067969 0.105556
3 0.496875 0.259028 0.068750 0.101389
3 0.558203 0.093750 0.057031 0.076389
2 0.683203 0.095833 0.063281 0.083333
3 0.846094 0.431944 0.089062 0.138889
7 0.596094 0.359722 0.076563 0.108333
3 0.573438 0.026389 0.054688 0.052778
3 0.405859 0.880556 0.096094 0.158333
3 0.471875 0.940972 0.093750 0.118056
3 0.529297 0.838889 0.096094 0.130556
3 0.440625 0.800694 0.082813 0.134722
5 0.563281 0.781944 0.098438 0.144444
0 0.574219 0.913194 0.109375 0.145833
