0 0.667969 0.405556 0.037500 0.055556
3 0.863672 0.508333 0.041406 0.058333
3 0.595703 0.874306 0.060156 0.095833
4 0.787500 0.314583 0.031250 0.045833
3 0.735156 0.210417 0.029687 0.040278
3 0.498047 0.271528 0.028906 0.040278
3 0.537500 0.362500 0.032812 0.061111
1 0.500000 0.180556 0.026563 0.036111
7 0.497656 0.045139 0.015625 0.026389
6 0.555859 0.041667 0.017969 0.025000
5 0.442187 0.021528 0.012500 0.020833
0 0.549219 0.018056 0.017188 0.022222
6 0.495703 0.377083 0.032031 0.059722
3 0.407422 0.233333 0.028906 0.041667
3 0.323438 0.320139 0.034375 0.048611
3 0.218359 0.310417 0.032031 0.043056
3 0.248047 0.240972 0.025781 0.040278
2 0.244922 0.186111 0.024219 0.036111
3 0.184375 0.174306 0.026563 0.029167
3 0.189844 0.156250 0.018750 0.023611
5 0.352344 0.235417 0.028125 0.045833
7 0.410156 0.283333 0.026563 0.044444
