3 0.230078 0.308333 0.030469 0.047222
3 0.257422 0.235417 0.027344 0.045833
2 0.255078 0.184028 0.024219 0.031944
3 0.196094 0.170833 0.020312 0.027778
3 0.202734 0.159028 0.019531 0.029167
7 0.419531 0.279861 0.025000 0.034722
5 0.360547 0.227083 0.028906 0.045833
3 0.334766 0.317361 0.030469 0.051389
3 0.435547 0.227778 0.027344 0.044444
1 0.510156 0.179167 0.023438 0.041667
3 0.509375 0.267361 0.025000 0.040278
3 0.543750 0.352778 0.034375 0.061111
6 0.503906 0.378472 0.035937 0.051389
3 0.606250 0.876389 0.062500 0.097222
3 0.763672 0.566667 0.047656 0.069444
0 0.679688 0.405556 0.037500 0.066667
4 0.691797 0.299306 0.035156 0.045833
3 0.743359 0.206250 0.024219 0.037500
