3 0.292969 0.269444 0.020312 0.033333
3 0.159766 0.398611 0.032031 0.050000
3 0.098438 0.206944 0.021875 0.027778
3 0.583203 0.677778 0.046094 0.072222
4 0.509766 0.514583 0.038281 0.059722
7 0.436719 0.393750 0.029687 0.045833
2 0.820703 0.765972 0.047656 0.076389
1 0.898438 0.525694 0.040625 0.062500
3 0.970312 0.457639 0.035937 0.054167
3 0.838672 0.373611 0.028906 0.041667
3 0.858203 0.355556 0.025781 0.041667
3 0.653906 0.438194 0.032812 0.051389
5 0.648438 0.414583 0.031250 0.043056
3 0.646875 0.388194 0.032812 0.037500
3 0.649219 0.355556 0.026563 0.038889
