1 0.500391 0.296528 0.010156 0.015278
2 0.401172 0.474306 0.017969 0.029167
4 0.510547 0.520139 0.022656 0.037500
7 0.609375 0.468750 0.023438 0.034722
6 0.507422 0.468056 0.022656 0.030556
0 0.501172 0.368056 0.014844 0.025000
5 0.500781 0.319444 0.012500 0.022222
3 0.482031 0.310417 0.007812 0.018056
3 0.489453 0.310417 0.007031 0.018056
3 0.496484 0.308333 0.008594 0.013889
3 0.505078 0.309722 0.007031 0.011111
3 0.512891 0.315278 0.008594 0.013889
3 0.517187 0.309722 0.006250 0.011111
3 0.521094 0.306250 0.009375 0.018056
