3 0.583984 0.678472 0.046094 0.068056
2 0.822266 0.764583 0.050781 0.084722
1 0.900000 0.526389 0.042188 0.063889
3 0.973047 0.458333 0.039844 0.061111
3 0.836719 0.367361 0.025000 0.045833
3 0.857422 0.356944 0.022656 0.041667
3 0.653906 0.433333 0.032812 0.047222
5 0.646875 0.414583 0.028125 0.034722
3 0.647266 0.388889 0.030469 0.033333
3 0.648438 0.355556 0.028125 0.038889
7 0.435547 0.395833 0.030469 0.044444
4 0.462891 0.510417 0.033594 0.048611
3 0.292188 0.271528 0.020312 0.037500
3 0.160156 0.400694 0.034375 0.045833
3 0.098828 0.211111 0.017969 0.036111
