3 0.844141 0.413194 0.075781 0.123611
2 0.686719 0.094444 0.056250 0.080556
3 0.867578 0.022222 0.055469 0.044444
3 0.573438 0.029861 0.057813 0.059722
3 0.558203 0.092361 0.055469 0.076389
7 0.596875 0.359028 0.073437 0.112500
3 0.496875 0.259722 0.062500 0.097222
3 0.289453 0.239583 0.067969 0.104167
3 0.131641 0.284722 0.066406 0.097222
3 0.189844 0.408333 0.078125 0.116667
0 0.577734 0.904167 0.097656 0.147222
5 0.562500 0.777778 0.092188 0.125000
3 0.526172 0.831250 0.078906 0.109722
3 0.479297 0.934722 0.103906 0.130556
3 0.410547 0.874306 0.102344 0.154167
3 0.450391 0.792361 0.094531 0.165278
