3 0.230469 0.315278 0.032812 0.044444
3 0.260938 0.246528 0.032812 0.048611
2 0.257422 0.199306 0.021094 0.031944
5 0.451953 0.025000 0.014844 0.022222
7 0.505859 0.050694 0.017969 0.023611
3 0.718359 0.025000 0.011719 0.019444
3 0.749609 0.025000 0.019531 0.019444
3 0.685547 0.607639 0.046094 0.076389
3 0.605859 0.883333 0.066406 0.105556
6 0.507422 0.386806 0.035156 0.056944
3 0.547266 0.368056 0.033594 0.052778
7 0.419922 0.288194 0.030469 0.040278
3 0.333984 0.331250 0.032031 0.048611
3 0.434375 0.232639 0.029687 0.040278
5 0.509766 0.274306 0.030469 0.034722
5 0.364844 0.240278 0.026563 0.036111
1 0.509766 0.187500 0.025781 0.038889
4 0.635938 0.295833 0.028125 0.047222
0 0.676953 0.411111 0.033594 0.055556
3 0.743750 0.213889 0.023438 0.044444
