2 0.969531 0.734722 0.048437 0.072222
1 0.896875 0.494444 0.032812 0.058333
0 0.866797 0.502778 0.035156 0.050000
3 0.912891 0.420833 0.032031 0.050000
3 0.827734 0.343056 0.028906 0.038889
3 0.749609 0.352778 0.025781 0.041667
3 0.756641 0.335417 0.025781 0.040278
3 0.618750 0.431944 0.032812 0.047222
5 0.600781 0.411111 0.029687 0.038889
3 0.586328 0.390972 0.032031 0.045833
3 0.565625 0.354167 0.026563 0.038889
3 0.453906 0.375694 0.026563 0.040278
3 0.430859 0.368750 0.025781 0.040278
3 0.139453 0.293750 0.025781 0.034722
4 0.125391 0.452778 0.039844 0.044444
