3 0.137109 0.295833 0.025781 0.041667
3 0.453125 0.379861 0.029687 0.048611
3 0.430469 0.371528 0.025000 0.043056
3 0.618359 0.434028 0.030469 0.045833
5 0.601562 0.418750 0.032812 0.045833
4 0.591406 0.383333 0.028125 0.044444
3 0.565625 0.359722 0.025000 0.044444
3 0.722656 0.379861 0.026563 0.045833
3 0.746484 0.356250 0.025781 0.037500
3 0.756641 0.334722 0.027344 0.038889
3 0.828125 0.347222 0.034375 0.044444
3 0.912109 0.421528 0.036719 0.048611
1 0.896094 0.497917 0.035937 0.056944
2 0.971875 0.740278 0.053125 0.083333
0 0.868359 0.504861 0.035156 0.059722
