3 0.164453 0.401389 0.028906 0.041667
3 0.296484 0.271528 0.022656 0.037500
3 0.103906 0.209722 0.021875 0.030556
7 0.442187 0.395139 0.029687 0.054167
3 0.520312 0.494444 0.035937 0.058333
4 0.311328 0.523611 0.041406 0.052778
3 0.588672 0.679167 0.044531 0.075000
3 0.658594 0.436806 0.031250 0.043056
5 0.652734 0.420139 0.028906 0.040278
3 0.653906 0.394444 0.029687 0.041667
3 0.654297 0.360417 0.030469 0.040278
3 0.843359 0.374306 0.024219 0.043056
3 0.864062 0.356944 0.028125 0.047222
3 0.976953 0.463889 0.039844 0.058333
1 0.904688 0.531944 0.037500 0.055556
2 0.826563 0.773611 0.057813 0.077778
