1 0.771875 0.307639 0.010937 0.018056
2 0.347266 0.461111 0.021094 0.033333
4 0.331250 0.522917 0.028125 0.037500
6 0.413672 0.485417 0.019531 0.040278
7 0.494141 0.509028 0.022656 0.040278
5 0.723437 0.334722 0.012500 0.019444
0 0.619922 0.381944 0.016406 0.025000
3 0.767578 0.323611 0.011719 0.013889
3 0.760938 0.329167 0.009375 0.019444
3 0.752734 0.329861 0.014844 0.015278
3 0.739062 0.332639 0.010937 0.020833
3 0.732813 0.334722 0.009375 0.019444
3 0.748828 0.323611 0.011719 0.016667
3 0.740234 0.322222 0.010156 0.019444
3 0.734766 0.322222 0.010156 0.016667
3 0.727734 0.319444 0.011719 0.013889
