3 0.695703 0.193056 0.025781 0.033333
3 0.792969 0.314583 0.029687 0.045833
3 0.723828 0.322917 0.030469 0.040278
3 0.583594 0.260417 0.031250 0.040278
3 0.500000 0.318750 0.032812 0.037500
3 0.214062 0.850000 0.059375 0.086111
3 0.329688 0.436111 0.032812 0.058333
3 0.322266 0.260417 0.024219 0.040278
2 0.242578 0.214583 0.021094 0.031944
1 0.468359 0.188889 0.021094 0.033333
7 0.520312 0.278472 0.023438 0.040278
5 0.409375 0.247222 0.025000 0.033333
3 0.195312 0.203472 0.021875 0.031944
3 0.180469 0.188194 0.018750 0.037500
3 0.392578 0.318056 0.025781 0.041667
3 0.382031 0.297917 0.025000 0.043056
4 0.369531 0.289583 0.021875 0.037500
6 0.709766 0.343750 0.028906 0.051389
0 0.871484 0.340972 0.032031 0.043056
