1 0.771094 0.311111 0.012500 0.019444
2 0.346484 0.465972 0.024219 0.037500
4 0.329297 0.526389 0.027344 0.038889
5 0.722266 0.334028 0.011719 0.023611
6 0.412891 0.486111 0.022656 0.030556
7 0.492969 0.512500 0.023438 0.030556
0 0.619141 0.383333 0.017969 0.022222
3 0.766797 0.326389 0.014844 0.013889
3 0.753906 0.327778 0.012500 0.016667
3 0.743750 0.329167 0.012500 0.016667
3 0.733984 0.331944 0.013281 0.019444
3 0.747266 0.317361 0.014844 0.009722
3 0.736328 0.322222 0.013281 0.019444
3 0.725781 0.322222 0.009375 0.013889
