3 0.530859 0.368750 0.033594 0.048611
3 0.777734 0.426389 0.039844 0.055556
4 0.756641 0.344444 0.033594 0.044444
3 0.725391 0.213889 0.025781 0.036111
0 0.660937 0.411111 0.031250 0.055556
3 0.592188 0.881944 0.065625 0.097222
3 0.496875 0.279861 0.032812 0.051389
1 0.496094 0.190972 0.025000 0.040278
7 0.404297 0.286806 0.027344 0.045833
3 0.352734 0.255556 0.022656 0.036111
3 0.318359 0.329167 0.030469 0.052778
3 0.213281 0.318750 0.034375 0.040278
3 0.241016 0.250000 0.025781 0.033333
2 0.237500 0.193750 0.021875 0.037500
5 0.344922 0.241667 0.028906 0.033333
3 0.178125 0.181944 0.020312 0.033333
3 0.185156 0.165278 0.021875 0.036111
6 0.490625 0.389583 0.035937 0.054167
