0 0.874609 0.500694 0.035156 0.056944
1 0.903906 0.492361 0.039062 0.070833
2 0.976953 0.732639 0.046094 0.073611
3 0.919141 0.417361 0.035156 0.045833
3 0.833984 0.340278 0.027344 0.038889
3 0.752734 0.348611 0.032031 0.041667
3 0.762500 0.330556 0.023438 0.036111
3 0.623828 0.430556 0.033594 0.050000
5 0.608203 0.411111 0.028906 0.041667
3 0.591406 0.381250 0.031250 0.045833
3 0.574219 0.354167 0.029687 0.047222
3 0.460156 0.375000 0.026563 0.044444
3 0.437109 0.366667 0.027344 0.033333
4 0.131641 0.449306 0.035156 0.054167
3 0.145313 0.290278 0.026563 0.038889
