4 0.346875 0.280556 0.025000 0.038889
3 0.357812 0.288194 0.023438 0.043056
3 0.369922 0.316667 0.033594 0.047222
3 0.306250 0.427083 0.039062 0.054167
3 0.189063 0.850000 0.062500 0.097222
3 0.300391 0.250694 0.024219 0.045833
2 0.217969 0.202778 0.023438 0.027778
3 0.172656 0.197917 0.029687 0.043056
3 0.157813 0.181250 0.020312 0.037500
3 0.477734 0.310417 0.032031 0.051389
4 0.384375 0.235417 0.025000 0.040278
1 0.445312 0.183333 0.025000 0.044444
7 0.497656 0.268056 0.028125 0.038889
3 0.559766 0.252778 0.025781 0.047222
3 0.675000 0.190972 0.025000 0.031944
3 0.767187 0.304861 0.029687 0.056944
0 0.848047 0.334722 0.032031 0.050000
6 0.687500 0.340972 0.034375 0.054167
3 0.702734 0.318056 0.030469 0.038889
