5 0.804297 0.409722 0.038281 0.047222
0 0.888672 0.427083 0.044531 0.043056
3 0.026953 0.263889 0.044531 0.072222
3 0.086328 0.239583 0.046094 0.054167
3 0.119531 0.284028 0.050000 0.076389
3 0.168750 0.417361 0.046875 0.081944
3 0.189453 0.372222 0.047656 0.063889
3 0.307422 0.345833 0.047656 0.072222
3 0.349219 0.426389 0.051562 0.072222
3 0.592578 0.327778 0.042969 0.072222
1 0.532812 0.184028 0.037500 0.059722
7 0.458594 0.349306 0.042188 0.062500
3 0.788281 0.445139 0.046875 0.073611
3 0.823828 0.465278 0.041406 0.083333
3 0.841016 0.442361 0.039844 0.068056
3 0.893750 0.463889 0.056250 0.066667
