3 0.269531 0.618056 0.043750 0.066667
4 0.164062 0.531944 0.039062 0.055556
0 0.146484 0.757639 0.050781 0.073611
7 0.089453 0.403472 0.032031 0.043056
1 0.988281 0.429167 0.023438 0.050000
5 0.686328 0.425694 0.032031 0.040278
3 0.728125 0.435417 0.032812 0.054167
3 0.898828 0.370833 0.030469 0.047222
3 0.731250 0.325694 0.023438 0.034722
3 0.691016 0.341667 0.024219 0.036111
3 0.674219 0.330556 0.025000 0.030556
3 0.632422 0.406250 0.028906 0.045833
3 0.559766 0.381250 0.030469 0.048611
3 0.475781 0.429167 0.032812 0.044444
