0 0.866797 0.503472 0.035156 0.048611
1 0.894141 0.496528 0.030469 0.045833
2 0.969141 0.737500 0.053906 0.072222
3 0.910937 0.424306 0.031250 0.045833
3 0.826563 0.347222 0.028125 0.036111
3 0.747266 0.355556 0.025781 0.036111
3 0.756641 0.338194 0.024219 0.037500
3 0.617578 0.436111 0.030469 0.044444
5 0.601562 0.415972 0.031250 0.043056
3 0.584766 0.395139 0.025781 0.043056
3 0.564453 0.359028 0.027344 0.043056
3 0.453125 0.381250 0.028125 0.040278
3 0.432031 0.374306 0.023438 0.043056
3 0.137109 0.297222 0.024219 0.033333
4 0.125391 0.456944 0.036719 0.052778
