1 0.798047 0.285417 0.061719 0.098611
3 0.362891 0.453472 0.071094 0.112500
3 0.431250 0.448611 0.071875 0.116667
3 0.501562 0.442361 0.067188 0.118056
3 0.569141 0.432639 0.069531 0.118056
3 0.638672 0.420833 0.074219 0.113889
5 0.294922 0.474306 0.075781 0.120833
3 0.383594 0.391667 0.056250 0.044444
3 0.449219 0.383333 0.043750 0.041667
3 0.512891 0.374306 0.035156 0.040278
3 0.589844 0.365972 0.056250 0.048611
3 0.539062 0.350000 0.056250 0.041667
3 0.491797 0.340278 0.044531 0.044444
3 0.470703 0.363194 0.049219 0.040278
3 0.446094 0.322222 0.057813 0.044444
3 0.426172 0.343056 0.046094 0.036111
3 0.405859 0.363194 0.049219 0.034722
