0 0.139844 0.755556 0.050000 0.075000
3 0.267578 0.627778 0.053906 0.072222
7 0.356250 0.500000 0.039062 0.058333
3 0.469141 0.427778 0.032031 0.044444
3 0.554297 0.384028 0.033594 0.045833
3 0.628125 0.409722 0.035937 0.044444
5 0.681250 0.423611 0.029687 0.041667
3 0.723047 0.435417 0.035156 0.048611
4 0.800391 0.584722 0.044531 0.066667
1 0.984375 0.425000 0.031250 0.055556
3 0.892969 0.369444 0.029687 0.047222
3 0.726953 0.323611 0.025781 0.044444
3 0.684766 0.342361 0.024219 0.040278
3 0.666797 0.325000 0.025781 0.038889
