0 0.137109 0.757639 0.053906 0.076389
3 0.262891 0.626389 0.047656 0.075000
7 0.355859 0.504167 0.038281 0.058333
3 0.466797 0.430556 0.032031 0.050000
3 0.551172 0.386111 0.036719 0.044444
3 0.624219 0.409028 0.026563 0.037500
5 0.680469 0.427778 0.032812 0.047222
3 0.720703 0.437500 0.033594 0.047222
3 0.724219 0.322222 0.026563 0.041667
3 0.682422 0.342361 0.028906 0.037500
3 0.664453 0.325694 0.022656 0.040278
3 0.890625 0.368750 0.032812 0.045833
1 0.985547 0.431250 0.028906 0.054167
4 0.796875 0.584028 0.043750 0.056944
