3 0.302344 0.424306 0.042188 0.059722
3 0.189063 0.841667 0.059375 0.094444
3 0.296875 0.250694 0.025000 0.040278
1 0.445312 0.182639 0.021875 0.037500
3 0.477344 0.311111 0.025000 0.052778
3 0.555469 0.250000 0.029687 0.038889
3 0.671875 0.185417 0.026563 0.029167
3 0.767578 0.304861 0.032031 0.048611
6 0.684375 0.336806 0.031250 0.051389
3 0.698047 0.309028 0.027344 0.045833
0 0.844531 0.329861 0.032812 0.051389
3 0.368359 0.302083 0.028906 0.048611
3 0.358594 0.285417 0.025000 0.037500
2 0.215625 0.202778 0.023438 0.033333
3 0.170312 0.195139 0.021875 0.031944
3 0.154687 0.177778 0.020312 0.038889
7 0.494531 0.264583 0.028125 0.045833
5 0.385938 0.236806 0.032812 0.043056
4 0.343359 0.277778 0.027344 0.036111
