3 0.362891 0.469444 0.047656 0.072222
4 0.162109 0.334028 0.039844 0.056944
3 0.476953 0.319444 0.039844 0.055556
3 0.523828 0.245833 0.032031 0.050000
3 0.561328 0.258333 0.032031 0.050000
3 0.543750 0.615972 0.051562 0.084722
6 0.437109 0.626389 0.061719 0.088889
7 0.583203 0.428472 0.046094 0.068056
5 0.624219 0.335417 0.039062 0.059722
0 0.616797 0.754167 0.066406 0.094444
3 0.739453 0.443056 0.046094 0.069444
3 0.748047 0.345139 0.039844 0.065278
1 0.983594 0.288194 0.032812 0.056944
2 0.598828 0.237500 0.030469 0.044444
3 0.622656 0.260417 0.031250 0.051389
