3 0.300781 0.489583 0.054688 0.076389
3 0.153125 0.458333 0.054688 0.075000
3 0.213281 0.422222 0.050000 0.077778
3 0.254687 0.327778 0.045313 0.058333
3 0.194141 0.288889 0.038281 0.063889
3 0.221094 0.193056 0.031250 0.050000
3 0.360938 0.390278 0.045313 0.075000
3 0.661719 0.413194 0.051562 0.076389
3 0.812500 0.613194 0.060938 0.095833
3 0.775391 0.573611 0.046094 0.072222
3 0.739062 0.603472 0.050000 0.090278
3 0.710938 0.571528 0.043750 0.076389
5 0.753516 0.542361 0.052344 0.056944
0 0.833203 0.579167 0.060156 0.075000
1 0.775781 0.247917 0.039062 0.054167
7 0.498828 0.426389 0.052344 0.077778
