3 0.352344 0.429167 0.054688 0.072222
3 0.086719 0.238889 0.040625 0.058333
3 0.026172 0.265972 0.039844 0.073611
3 0.125391 0.292361 0.042969 0.073611
2 0.186328 0.268750 0.044531 0.068056
3 0.190625 0.374306 0.048437 0.076389
3 0.169141 0.412500 0.044531 0.072222
3 0.308984 0.343056 0.046094 0.066667
7 0.458203 0.351389 0.042969 0.069444
3 0.592578 0.328472 0.042969 0.073611
3 0.896875 0.461806 0.048437 0.076389
0 0.888672 0.421528 0.049219 0.048611
5 0.805859 0.408333 0.042969 0.047222
3 0.824609 0.456944 0.042969 0.072222
3 0.844531 0.434722 0.042188 0.086111
3 0.788281 0.445833 0.040625 0.080556
1 0.531250 0.185417 0.034375 0.054167
