0 0.824609 0.582639 0.055469 0.073611
3 0.802734 0.615972 0.064844 0.079167
3 0.771484 0.577083 0.052344 0.068056
3 0.730078 0.604167 0.052344 0.072222
3 0.707812 0.570833 0.051562 0.069444
5 0.743750 0.545139 0.043750 0.048611
3 0.649609 0.415972 0.049219 0.065278
1 0.764844 0.250694 0.037500 0.059722
7 0.486719 0.424306 0.050000 0.073611
3 0.290625 0.492361 0.051562 0.081944
3 0.349219 0.397917 0.050000 0.065278
2 0.326562 0.309722 0.040625 0.058333
3 0.244141 0.320139 0.042969 0.056944
3 0.186719 0.286806 0.040625 0.070833
3 0.215234 0.193750 0.036719 0.056944
3 0.206641 0.418056 0.052344 0.083333
3 0.140234 0.454861 0.060156 0.081944
