4 0.797656 0.586806 0.045313 0.065278
3 0.890625 0.369444 0.029687 0.036111
1 0.982813 0.426389 0.034375 0.052778
3 0.726562 0.320139 0.028125 0.040278
3 0.723437 0.438889 0.035937 0.050000
5 0.679688 0.425694 0.035937 0.048611
3 0.683203 0.343056 0.027344 0.038889
3 0.666016 0.329861 0.025781 0.043056
3 0.628125 0.407639 0.031250 0.048611
3 0.551953 0.384028 0.030469 0.043056
3 0.469922 0.428472 0.033594 0.048611
7 0.355859 0.502778 0.038281 0.055556
3 0.264844 0.623611 0.043750 0.069444
0 0.137500 0.756944 0.050000 0.072222
