3 0.353906 0.427083 0.051562 0.076389
3 0.312500 0.345139 0.045313 0.065278
3 0.175781 0.413889 0.059375 0.080556
3 0.193359 0.372222 0.044531 0.066667
3 0.599219 0.327083 0.050000 0.070833
3 0.901953 0.458333 0.052344 0.080556
0 0.893359 0.429167 0.052344 0.080556
3 0.834375 0.458333 0.050000 0.075000
3 0.129297 0.293056 0.041406 0.066667
3 0.093359 0.240278 0.042969 0.052778
3 0.032422 0.265278 0.042969 0.066667
2 0.189844 0.266667 0.040625 0.061111
1 0.535156 0.179167 0.035937 0.055556
7 0.461719 0.347222 0.046875 0.063889
3 0.792188 0.443750 0.045313 0.081944
3 0.846094 0.431250 0.042188 0.070833
5 0.812500 0.426389 0.048437 0.080556
