3 0.296875 0.488194 0.053125 0.079167
3 0.355078 0.395833 0.047656 0.066667
3 0.210938 0.415972 0.051562 0.076389
3 0.146484 0.448611 0.050781 0.069444
3 0.249609 0.315972 0.038281 0.056944
3 0.191016 0.282639 0.038281 0.054167
3 0.220313 0.188889 0.032812 0.058333
3 0.657812 0.414583 0.048437 0.068056
2 0.330078 0.297917 0.036719 0.054167
7 0.492969 0.417361 0.046875 0.076389
1 0.771094 0.246528 0.043750 0.056944
3 0.710547 0.564583 0.050781 0.076389
3 0.739453 0.597222 0.047656 0.080556
3 0.777344 0.572222 0.045313 0.072222
3 0.806641 0.606944 0.046094 0.091667
5 0.749219 0.538194 0.046875 0.054167
0 0.832812 0.577778 0.048437 0.088889
