3 0.584766 0.680556 0.041406 0.072222
2 0.822656 0.766667 0.050000 0.069444
1 0.903516 0.529861 0.041406 0.054167
3 0.972266 0.459722 0.035156 0.052778
3 0.840625 0.373611 0.028125 0.041667
3 0.860547 0.356250 0.022656 0.040278
4 0.440234 0.512500 0.036719 0.052778
7 0.436719 0.393056 0.028125 0.050000
3 0.294922 0.272222 0.022656 0.033333
3 0.159766 0.397917 0.032031 0.043056
3 0.099609 0.207639 0.019531 0.031944
3 0.656250 0.434028 0.029687 0.045833
5 0.649609 0.413194 0.028906 0.037500
3 0.646875 0.387500 0.031250 0.044444
3 0.649609 0.354167 0.028906 0.038889
