2 0.828125 0.769444 0.043750 0.069444
1 0.904297 0.531250 0.039844 0.059722
3 0.977344 0.460417 0.035937 0.051389
3 0.844922 0.374306 0.032031 0.040278
3 0.863281 0.357639 0.026563 0.043056
3 0.681641 0.469444 0.038281 0.058333
3 0.587500 0.679861 0.042188 0.070833
5 0.659375 0.439583 0.032812 0.051389
5 0.652734 0.415972 0.030469 0.040278
3 0.651563 0.388889 0.025000 0.030556
3 0.651563 0.358333 0.031250 0.041667
4 0.350391 0.522917 0.042969 0.059722
5 0.441406 0.393056 0.031250 0.055556
3 0.296875 0.269444 0.025000 0.038889
3 0.101953 0.208333 0.017969 0.030556
3 0.164844 0.400000 0.029687 0.041667
0 0.011328 0.419444 0.022656 0.044444
