3 0.161719 0.397917 0.031250 0.051389
3 0.292578 0.271528 0.024219 0.037500
3 0.099609 0.208333 0.019531 0.033333
4 0.413281 0.516667 0.039062 0.058333
7 0.439453 0.395139 0.030469 0.043056
3 0.585938 0.674306 0.048437 0.073611
2 0.825000 0.768750 0.054688 0.076389
1 0.902734 0.528472 0.038281 0.059722
3 0.974219 0.457639 0.035937 0.051389
3 0.952734 0.431250 0.030469 0.045833
3 0.861328 0.359028 0.028906 0.037500
3 0.839453 0.370833 0.032031 0.036111
3 0.651563 0.354861 0.032812 0.037500
3 0.648438 0.386806 0.029687 0.034722
5 0.648828 0.409722 0.032031 0.044444
3 0.657812 0.435417 0.031250 0.040278
