4 0.371875 0.419444 0.034375 0.055556
3 0.137891 0.295833 0.027344 0.036111
3 0.453516 0.380556 0.028906 0.044444
3 0.430469 0.371528 0.028125 0.043056
3 0.564453 0.356250 0.030469 0.043056
3 0.582422 0.387500 0.030469 0.038889
5 0.598047 0.413194 0.035156 0.048611
3 0.617578 0.431944 0.032031 0.047222
3 0.826172 0.343750 0.025781 0.043056
3 0.912109 0.421528 0.036719 0.054167
3 0.746875 0.354861 0.031250 0.043056
3 0.754297 0.335417 0.028906 0.037500
1 0.896484 0.497917 0.036719 0.059722
2 0.972266 0.738889 0.052344 0.088889
0 0.866797 0.505556 0.035156 0.058333
