3 0.641406 0.890972 0.064062 0.090278
3 0.778516 0.220833 0.025781 0.036111
3 0.679297 0.370139 0.032031 0.045833
3 0.582422 0.377778 0.035156 0.055556
3 0.542969 0.285417 0.028125 0.040278
1 0.546094 0.193056 0.025000 0.033333
3 0.296875 0.250000 0.028125 0.041667
3 0.359766 0.271528 0.033594 0.037500
3 0.369531 0.334722 0.032812 0.044444
3 0.267578 0.318750 0.035156 0.045833
3 0.023828 0.430556 0.046094 0.061111
3 0.233203 0.182639 0.021094 0.034722
3 0.243750 0.168056 0.021875 0.041667
2 0.292969 0.197917 0.025000 0.040278
5 0.398828 0.245833 0.033594 0.047222
5 0.453516 0.287500 0.028906 0.041667
6 0.541406 0.391667 0.034375 0.058333
0 0.713281 0.421528 0.039062 0.048611
4 0.648047 0.361111 0.028906 0.047222
