0 0.133594 0.764583 0.056250 0.070833
3 0.260938 0.632639 0.043750 0.070833
7 0.354297 0.506250 0.036719 0.054167
3 0.467969 0.436111 0.034375 0.052778
3 0.548828 0.387500 0.035156 0.044444
3 0.624609 0.413194 0.033594 0.043056
5 0.675000 0.429861 0.031250 0.051389
3 0.718359 0.442361 0.035156 0.054167
4 0.793750 0.586806 0.045313 0.065278
3 0.887500 0.373611 0.026563 0.041667
3 0.719922 0.327778 0.024219 0.041667
3 0.680078 0.348611 0.022656 0.036111
3 0.662109 0.334028 0.025781 0.043056
1 0.982031 0.434028 0.034375 0.059722
