1 0.983203 0.430556 0.033594 0.050000
3 0.889844 0.373611 0.031250 0.041667
3 0.723047 0.323611 0.024219 0.041667
3 0.719922 0.436806 0.032031 0.045833
3 0.683594 0.347222 0.028125 0.038889
3 0.664062 0.332639 0.021875 0.034722
3 0.625391 0.410417 0.035156 0.048611
5 0.679297 0.429167 0.030469 0.050000
4 0.795703 0.586111 0.044531 0.063889
3 0.550781 0.384722 0.028125 0.044444
3 0.466406 0.436111 0.035937 0.055556
7 0.354297 0.505556 0.038281 0.050000
3 0.261719 0.629861 0.042188 0.065278
0 0.137891 0.755556 0.049219 0.077778
