0 0.867578 0.507639 0.035156 0.056944
1 0.898047 0.498611 0.036719 0.061111
2 0.969922 0.738889 0.050781 0.080556
3 0.912109 0.427778 0.036719 0.047222
3 0.826563 0.346528 0.031250 0.040278
3 0.748828 0.355556 0.030469 0.038889
3 0.757812 0.341667 0.026563 0.041667
4 0.691797 0.359028 0.032031 0.040278
3 0.618750 0.432639 0.032812 0.048611
5 0.601172 0.415278 0.027344 0.044444
3 0.566016 0.354861 0.028906 0.045833
3 0.453906 0.379861 0.028125 0.037500
3 0.432422 0.371528 0.024219 0.040278
3 0.138672 0.298611 0.025781 0.036111
