3 0.266797 0.622917 0.036719 0.070833
3 0.471484 0.427083 0.033594 0.045833
3 0.553906 0.381944 0.032812 0.041667
3 0.628906 0.408333 0.029687 0.047222
3 0.723437 0.436111 0.031250 0.047222
3 0.892969 0.368056 0.031250 0.044444
3 0.727734 0.324306 0.024219 0.043056
3 0.685156 0.340972 0.026563 0.037500
3 0.667578 0.327083 0.019531 0.034722
5 0.683203 0.424306 0.028906 0.051389
3 0.800781 0.583333 0.046875 0.072222
7 0.360938 0.501389 0.040625 0.058333
0 0.138672 0.756944 0.050781 0.069444
1 0.986328 0.427778 0.027344 0.047222
