4 0.124609 0.457639 0.035156 0.048611
3 0.136719 0.295833 0.026563 0.033333
3 0.452734 0.381944 0.027344 0.041667
3 0.430469 0.373611 0.026563 0.041667
3 0.562891 0.359722 0.028906 0.038889
5 0.582422 0.390278 0.030469 0.044444
5 0.597266 0.411111 0.025781 0.047222
3 0.615625 0.432639 0.034375 0.054167
3 0.745703 0.354167 0.027344 0.038889
3 0.757031 0.340972 0.023438 0.037500
3 0.828516 0.347917 0.030469 0.043056
3 0.910547 0.423611 0.033594 0.044444
1 0.895703 0.497917 0.035156 0.059722
2 0.970312 0.742361 0.056250 0.081944
0 0.866016 0.508333 0.036719 0.058333
