3 0.159375 0.401389 0.031250 0.052778
3 0.292188 0.272222 0.021875 0.036111
3 0.098828 0.206250 0.021094 0.031944
4 0.480859 0.513194 0.036719 0.059722
7 0.436328 0.394444 0.035156 0.052778
3 0.584375 0.677778 0.048437 0.072222
3 0.653906 0.438194 0.031250 0.048611
3 0.837500 0.372222 0.025000 0.041667
3 0.648828 0.354167 0.028906 0.033333
3 0.645703 0.386111 0.028906 0.038889
3 0.857813 0.359722 0.029687 0.047222
3 0.971094 0.454861 0.035937 0.056944
1 0.900391 0.528472 0.042969 0.059722
2 0.821094 0.765278 0.051562 0.080556
5 0.647266 0.415972 0.030469 0.034722
