3 0.619141 0.436111 0.032031 0.050000
3 0.454688 0.381250 0.029687 0.040278
3 0.435156 0.372917 0.028125 0.043056
3 0.141016 0.298611 0.028906 0.036111
3 0.566016 0.359028 0.025781 0.034722
3 0.746875 0.356944 0.026563 0.038889
3 0.756641 0.338194 0.025781 0.037500
3 0.828125 0.347222 0.025000 0.038889
3 0.912891 0.425000 0.039844 0.055556
1 0.899219 0.497917 0.034375 0.054167
2 0.971484 0.742361 0.052344 0.079167
0 0.868359 0.504167 0.036719 0.050000
5 0.601172 0.417361 0.032031 0.048611
4 0.723437 0.347917 0.028125 0.040278
