1 0.771484 0.310417 0.011719 0.018056
2 0.344141 0.461111 0.019531 0.038889
4 0.329688 0.525694 0.029687 0.040278
5 0.722266 0.336111 0.011719 0.027778
6 0.413281 0.484028 0.026563 0.037500
7 0.492969 0.511806 0.026563 0.043056
0 0.619141 0.385417 0.014844 0.023611
3 0.768359 0.326389 0.010156 0.019444
3 0.759766 0.329167 0.007031 0.013889
3 0.750000 0.329167 0.010937 0.013889
3 0.740625 0.334028 0.012500 0.018056
3 0.735547 0.333333 0.014844 0.019444
3 0.746484 0.323611 0.013281 0.016667
3 0.739453 0.320139 0.013281 0.020833
3 0.729297 0.320139 0.016406 0.015278
