1 0.530469 0.184028 0.037500 0.051389
5 0.803906 0.408333 0.042188 0.050000
0 0.891016 0.427083 0.049219 0.048611
3 0.893750 0.462500 0.054688 0.075000
3 0.786328 0.446528 0.049219 0.070833
3 0.825391 0.468056 0.050781 0.075000
3 0.843359 0.436806 0.041406 0.081944
3 0.594922 0.327083 0.046094 0.073611
7 0.457812 0.352083 0.046875 0.073611
3 0.350391 0.429861 0.053906 0.081944
3 0.307422 0.342361 0.049219 0.068056
3 0.189453 0.368750 0.047656 0.070833
3 0.170312 0.417361 0.040625 0.076389
2 0.187500 0.275694 0.039062 0.062500
3 0.122266 0.290278 0.046094 0.061111
3 0.091406 0.238194 0.034375 0.056944
3 0.027344 0.268750 0.037500 0.068056
