3 0.291016 0.487500 0.050781 0.072222
3 0.348828 0.396528 0.047656 0.068056
3 0.203516 0.413889 0.047656 0.075000
3 0.142578 0.454861 0.049219 0.079167
3 0.187500 0.284028 0.040625 0.065278
3 0.216797 0.190278 0.035156 0.058333
3 0.245312 0.316667 0.045313 0.061111
7 0.488281 0.421528 0.050000 0.073611
2 0.325781 0.305556 0.035937 0.055556
1 0.765234 0.247222 0.038281 0.058333
3 0.651953 0.409722 0.047656 0.072222
5 0.742578 0.536806 0.046094 0.048611
0 0.825781 0.581250 0.060938 0.079167
3 0.798437 0.613194 0.056250 0.095833
3 0.770312 0.575694 0.045313 0.079167
3 0.728125 0.601389 0.050000 0.080556
3 0.703125 0.571528 0.048437 0.076389
