4 0.239453 0.521528 0.039844 0.056944
7 0.163672 0.433333 0.033594 0.050000
3 0.268359 0.622222 0.038281 0.066667
0 0.143359 0.752083 0.047656 0.068056
3 0.472656 0.429861 0.031250 0.051389
3 0.558594 0.381250 0.029687 0.045833
3 0.631641 0.402083 0.030469 0.045833
5 0.687500 0.423611 0.034375 0.047222
3 0.726562 0.436806 0.031250 0.048611
3 0.687500 0.342361 0.023438 0.034722
3 0.671875 0.326389 0.023438 0.036111
3 0.729297 0.322222 0.024219 0.036111
3 0.897266 0.368750 0.028906 0.043056
1 0.986719 0.428472 0.026563 0.054167
