3 0.350781 0.432639 0.053125 0.081944
3 0.309766 0.345833 0.047656 0.066667
7 0.459766 0.352083 0.049219 0.070833
3 0.595312 0.329861 0.045313 0.070833
3 0.787891 0.447917 0.044531 0.079167
5 0.803125 0.414583 0.039062 0.043056
3 0.827344 0.462500 0.048437 0.077778
3 0.844922 0.440278 0.042969 0.080556
3 0.906641 0.465972 0.075781 0.084722
0 0.885938 0.420833 0.037500 0.050000
1 0.532422 0.187500 0.041406 0.058333
3 0.170312 0.415278 0.064062 0.066667
3 0.189063 0.374306 0.045313 0.045833
2 0.188672 0.275000 0.041406 0.052778
3 0.124219 0.288889 0.042188 0.063889
3 0.091406 0.245139 0.039062 0.056944
3 0.030469 0.266667 0.050000 0.072222
