3 0.772656 0.308333 0.031250 0.047222
3 0.676953 0.191667 0.024219 0.036111
3 0.564453 0.256250 0.032031 0.043056
1 0.449609 0.184722 0.022656 0.030556
3 0.483203 0.316667 0.028906 0.044444
3 0.310156 0.430556 0.037500 0.052778
3 0.195312 0.847222 0.059375 0.086111
3 0.300391 0.253472 0.024219 0.040278
3 0.376563 0.315278 0.028125 0.044444
3 0.365234 0.291667 0.024219 0.038889
4 0.349609 0.284028 0.028906 0.040278
2 0.221875 0.207639 0.021875 0.037500
3 0.179688 0.204167 0.028125 0.036111
3 0.161328 0.181250 0.022656 0.034722
7 0.504687 0.270139 0.031250 0.040278
6 0.688672 0.342361 0.033594 0.043056
3 0.703125 0.314583 0.026563 0.045833
0 0.850000 0.339583 0.035937 0.048611
