0 0.867188 0.504861 0.035937 0.048611
1 0.896094 0.497222 0.034375 0.052778
2 0.971875 0.738889 0.051562 0.088889
3 0.911719 0.423611 0.032812 0.050000
3 0.826563 0.346528 0.034375 0.043056
3 0.748438 0.356250 0.028125 0.037500
3 0.756250 0.337500 0.025000 0.036111
3 0.617578 0.434028 0.033594 0.045833
5 0.601562 0.414583 0.025000 0.045833
3 0.590234 0.388889 0.025781 0.036111
4 0.560547 0.397917 0.032031 0.051389
3 0.565625 0.352778 0.031250 0.041667
3 0.453125 0.383333 0.029687 0.044444
3 0.430859 0.372222 0.030469 0.041667
3 0.138281 0.296528 0.026563 0.040278
