4 0.125391 0.454167 0.035156 0.052778
3 0.136719 0.293750 0.028125 0.034722
3 0.452344 0.379861 0.026563 0.043056
3 0.431250 0.372917 0.026563 0.037500
3 0.564453 0.354167 0.025781 0.038889
3 0.583594 0.389583 0.028125 0.034722
5 0.600000 0.412500 0.029687 0.044444
3 0.616406 0.432639 0.031250 0.048611
3 0.746875 0.354861 0.026563 0.037500
3 0.757422 0.339583 0.024219 0.034722
3 0.824609 0.346528 0.027344 0.037500
3 0.909766 0.418750 0.032031 0.043056
1 0.895312 0.495139 0.031250 0.051389
2 0.971094 0.736806 0.048437 0.073611
0 0.866797 0.504861 0.033594 0.054167
