3 0.210938 0.850000 0.059375 0.094444
3 0.321875 0.431250 0.035937 0.054167
3 0.497266 0.318056 0.025781 0.050000
7 0.517578 0.275694 0.027344 0.037500
3 0.578906 0.260417 0.021875 0.037500
3 0.692187 0.194444 0.023438 0.030556
3 0.788672 0.312500 0.027344 0.047222
0 0.867188 0.340972 0.032812 0.048611
3 0.718359 0.323611 0.028906 0.044444
5 0.403516 0.241667 0.021094 0.030556
1 0.462891 0.193056 0.021094 0.033333
3 0.317969 0.258333 0.023438 0.038889
2 0.238281 0.213194 0.020312 0.034722
3 0.191797 0.203472 0.019531 0.031944
3 0.178125 0.190278 0.021875 0.036111
3 0.389844 0.313889 0.021875 0.044444
3 0.378906 0.294444 0.025000 0.047222
4 0.366016 0.282639 0.028906 0.040278
6 0.705078 0.341667 0.025781 0.041667
