3 0.141406 0.454167 0.053125 0.077778
3 0.205469 0.418056 0.048437 0.069444
3 0.294141 0.490972 0.055469 0.090278
3 0.353125 0.401389 0.043750 0.075000
3 0.189453 0.284722 0.036719 0.052778
3 0.246484 0.318056 0.039844 0.061111
3 0.216797 0.195139 0.041406 0.048611
2 0.329297 0.308333 0.038281 0.063889
7 0.490625 0.426389 0.046875 0.077778
1 0.765625 0.247917 0.039062 0.059722
3 0.656250 0.420139 0.046875 0.073611
3 0.729297 0.597222 0.050781 0.094444
3 0.710938 0.574306 0.050000 0.073611
5 0.747656 0.538889 0.042188 0.044444
3 0.802344 0.611111 0.051562 0.080556
3 0.768750 0.576389 0.046875 0.066667
0 0.828906 0.583333 0.048437 0.091667
