3 0.294922 0.486806 0.047656 0.081944
3 0.353125 0.399306 0.040625 0.068056
2 0.328516 0.304861 0.036719 0.056944
3 0.249219 0.316667 0.043750 0.069444
3 0.192969 0.286111 0.048437 0.052778
3 0.219141 0.193750 0.036719 0.056944
3 0.145703 0.448611 0.049219 0.075000
3 0.206250 0.408333 0.048437 0.066667
7 0.492578 0.415972 0.049219 0.079167
3 0.657812 0.415278 0.045313 0.083333
1 0.767578 0.245139 0.036719 0.070833
3 0.730469 0.596528 0.053125 0.087500
3 0.801562 0.610417 0.051562 0.084722
3 0.776563 0.578472 0.051562 0.081944
3 0.706250 0.566667 0.054688 0.077778
5 0.749219 0.536806 0.050000 0.048611
0 0.828516 0.581944 0.050781 0.091667
