3 0.593359 0.325000 0.042969 0.058333
7 0.458984 0.351389 0.042969 0.061111
1 0.530469 0.180556 0.035937 0.058333
3 0.306641 0.343056 0.044531 0.069444
3 0.170312 0.414583 0.050000 0.070833
3 0.187500 0.373611 0.045313 0.061111
3 0.123828 0.290972 0.041406 0.062500
3 0.089844 0.243750 0.039062 0.059722
3 0.029297 0.265278 0.042969 0.069444
2 0.187891 0.263889 0.041406 0.066667
5 0.803906 0.409028 0.045313 0.051389
0 0.887891 0.415972 0.052344 0.045833
3 0.895312 0.454167 0.057813 0.077778
3 0.827344 0.456944 0.043750 0.077778
3 0.788672 0.447917 0.047656 0.090278
3 0.845312 0.436111 0.039062 0.077778
