3 0.795313 0.313194 0.028125 0.043056
3 0.582422 0.262500 0.028906 0.036111
3 0.692969 0.195833 0.018750 0.027778
3 0.502344 0.318056 0.026563 0.050000
3 0.724219 0.325694 0.028125 0.045833
3 0.394531 0.320833 0.025000 0.044444
3 0.384375 0.300000 0.021875 0.033333
3 0.330078 0.435417 0.036719 0.054167
3 0.216406 0.847222 0.057813 0.083333
3 0.322266 0.261806 0.024219 0.043056
5 0.408594 0.246528 0.028125 0.048611
1 0.469922 0.189583 0.019531 0.040278
7 0.521484 0.280556 0.025781 0.038889
6 0.708984 0.346528 0.032031 0.043056
0 0.872656 0.344444 0.032812 0.044444
2 0.241016 0.213889 0.025781 0.036111
4 0.368359 0.286806 0.025781 0.034722
3 0.198437 0.204167 0.023438 0.030556
3 0.183984 0.191667 0.013281 0.025000
