3 0.596094 0.868056 0.065625 0.100000
3 0.539062 0.365278 0.032812 0.047222
3 0.899609 0.490278 0.044531 0.061111
4 0.825391 0.322222 0.028906 0.041667
3 0.737109 0.213194 0.030469 0.034722
3 0.500391 0.271528 0.030469 0.040278
1 0.502344 0.185417 0.023438 0.034722
3 0.398828 0.234028 0.024219 0.031944
5 0.355078 0.235417 0.021094 0.037500
3 0.326172 0.326389 0.033594 0.050000
3 0.222266 0.312500 0.028906 0.047222
3 0.252344 0.241667 0.031250 0.044444
2 0.246094 0.190972 0.025000 0.029167
3 0.187500 0.170833 0.017188 0.022222
3 0.194922 0.154167 0.022656 0.041667
6 0.498828 0.379167 0.033594 0.050000
7 0.412500 0.284028 0.031250 0.037500
0 0.669922 0.405556 0.036719 0.055556
