3 0.597656 0.879861 0.065625 0.104167
3 0.927734 0.474306 0.046094 0.056944
4 0.864844 0.327778 0.032812 0.050000
3 0.733594 0.211806 0.028125 0.034722
3 0.500391 0.276389 0.032031 0.041667
3 0.538672 0.363194 0.032031 0.062500
0 0.669531 0.409028 0.035937 0.051389
6 0.495703 0.381944 0.033594 0.058333
7 0.410156 0.283333 0.031250 0.041667
3 0.388281 0.240972 0.026563 0.043056
1 0.501172 0.184028 0.019531 0.037500
5 0.354297 0.237500 0.027344 0.036111
3 0.325000 0.329167 0.032812 0.041667
3 0.219531 0.312500 0.029687 0.041667
3 0.248828 0.246528 0.021094 0.040278
2 0.245312 0.189583 0.023438 0.029167
3 0.184375 0.174306 0.018750 0.029167
3 0.192188 0.159722 0.017188 0.025000
