3 0.777344 0.313194 0.029687 0.051389
3 0.682813 0.193056 0.025000 0.036111
3 0.486719 0.316667 0.029687 0.041667
3 0.566797 0.258333 0.028906 0.038889
3 0.198828 0.850694 0.066406 0.093056
3 0.314063 0.431250 0.039062 0.068056
3 0.380078 0.317361 0.030469 0.045833
3 0.370313 0.297917 0.026563 0.043056
4 0.356641 0.285417 0.027344 0.040278
3 0.307422 0.254861 0.027344 0.043056
5 0.394141 0.243056 0.027344 0.041667
1 0.455469 0.190278 0.023438 0.036111
7 0.507422 0.277778 0.027344 0.044444
0 0.856250 0.340972 0.029687 0.040278
3 0.709375 0.322222 0.032812 0.047222
6 0.696484 0.339583 0.035156 0.045833
2 0.228125 0.211111 0.021875 0.036111
3 0.182422 0.202083 0.019531 0.029167
3 0.166406 0.184722 0.018750 0.027778
