3 0.325781 0.430556 0.037500 0.052778
3 0.219141 0.848611 0.072656 0.088889
3 0.500781 0.320139 0.031250 0.040278
6 0.708203 0.343750 0.027344 0.043056
3 0.721094 0.322222 0.031250 0.041667
3 0.791016 0.314583 0.032031 0.037500
3 0.695703 0.194444 0.024219 0.030556
1 0.467969 0.189583 0.023438 0.040278
7 0.519531 0.277083 0.025000 0.037500
3 0.582422 0.263194 0.027344 0.040278
0 0.869141 0.340278 0.028906 0.052778
3 0.178906 0.189583 0.021875 0.031944
3 0.194922 0.202083 0.022656 0.034722
2 0.240234 0.214583 0.019531 0.029167
3 0.321875 0.256944 0.031250 0.050000
4 0.366797 0.288889 0.021094 0.036111
3 0.382812 0.298611 0.020312 0.036111
3 0.390234 0.318750 0.024219 0.040278
5 0.407422 0.242361 0.028906 0.045833
