0 0.867578 0.506944 0.036719 0.061111
1 0.895312 0.499306 0.031250 0.056944
2 0.969922 0.741667 0.052344 0.080556
3 0.910547 0.425694 0.035156 0.051389
3 0.826953 0.348611 0.030469 0.041667
3 0.746875 0.354167 0.028125 0.038889
3 0.757812 0.343056 0.025000 0.038889
3 0.617188 0.435417 0.031250 0.043056
5 0.599609 0.415972 0.032031 0.045833
3 0.583203 0.392361 0.027344 0.040278
3 0.564453 0.359028 0.025781 0.034722
3 0.453906 0.381250 0.028125 0.043056
3 0.432031 0.374306 0.023438 0.040278
3 0.136328 0.297917 0.028906 0.040278
4 0.125000 0.458333 0.035937 0.055556
