0 0.746484 0.420139 0.033594 0.056944
3 0.710156 0.373611 0.032812 0.050000
3 0.812109 0.220833 0.025781 0.038889
3 0.673828 0.893056 0.066406 0.094444
6 0.572656 0.392361 0.032812 0.045833
3 0.614453 0.376389 0.033594 0.052778
3 0.575391 0.281250 0.028906 0.037500
7 0.487500 0.291667 0.029687 0.041667
5 0.430859 0.243750 0.028906 0.037500
3 0.403516 0.332639 0.033594 0.051389
2 0.324609 0.196528 0.021094 0.037500
3 0.329297 0.251389 0.028906 0.036111
3 0.322656 0.300000 0.029687 0.044444
3 0.302344 0.320833 0.028125 0.036111
4 0.241016 0.302083 0.032031 0.045833
3 0.057422 0.427083 0.039844 0.054167
3 0.266016 0.181250 0.014844 0.029167
3 0.274609 0.168750 0.021094 0.031944
