3 0.163281 0.400000 0.032812 0.050000
3 0.294922 0.272222 0.024219 0.038889
3 0.102344 0.209722 0.021875 0.036111
4 0.266406 0.527083 0.039062 0.056944
3 0.306250 0.522917 0.037500 0.062500
7 0.442578 0.398611 0.030469 0.050000
3 0.590234 0.683333 0.044531 0.063889
3 0.844141 0.376389 0.027344 0.041667
3 0.863672 0.358333 0.027344 0.041667
3 0.978516 0.462500 0.035156 0.055556
1 0.906641 0.531944 0.035156 0.058333
2 0.828516 0.772917 0.053906 0.084722
3 0.654688 0.356944 0.031250 0.038889
3 0.652344 0.390278 0.023438 0.033333
5 0.651563 0.419444 0.037500 0.047222
3 0.659766 0.440278 0.030469 0.047222
