0 0.571484 0.914583 0.107031 0.154167
3 0.398828 0.875694 0.094531 0.148611
3 0.467578 0.938194 0.099219 0.123611
3 0.438281 0.805556 0.092188 0.144444
3 0.519141 0.847917 0.096094 0.131944
5 0.551953 0.788194 0.088281 0.129167
7 0.585938 0.363194 0.075000 0.101389
3 0.835547 0.420139 0.075781 0.115278
3 0.489844 0.263889 0.062500 0.094444
3 0.282031 0.242361 0.067188 0.087500
3 0.122266 0.280556 0.063281 0.094444
3 0.179688 0.404167 0.067188 0.102778
3 0.551562 0.092361 0.062500 0.084722
2 0.676172 0.095833 0.050781 0.080556
3 0.856250 0.023611 0.051562 0.044444
3 0.567187 0.030556 0.056250 0.061111
