3 0.140625 0.288889 0.023438 0.036111
4 0.128125 0.453472 0.037500 0.054167
3 0.435547 0.368750 0.022656 0.040278
3 0.455469 0.374306 0.028125 0.048611
3 0.567969 0.351389 0.026563 0.038889
3 0.587500 0.384722 0.031250 0.041667
5 0.600781 0.410417 0.031250 0.031944
3 0.620703 0.427778 0.035156 0.050000
3 0.830078 0.338889 0.027344 0.044444
3 0.914453 0.418056 0.032031 0.044444
1 0.899219 0.492361 0.037500 0.048611
3 0.750781 0.348611 0.026563 0.033333
3 0.761719 0.330556 0.025000 0.038889
0 0.871484 0.500694 0.033594 0.059722
2 0.974219 0.736111 0.051562 0.086111
