3 0.162109 0.397917 0.033594 0.048611
3 0.101172 0.204861 0.019531 0.029167
3 0.293750 0.269444 0.025000 0.036111
7 0.438281 0.393056 0.031250 0.041667
4 0.510938 0.510417 0.040625 0.054167
3 0.584375 0.677083 0.048437 0.073611
2 0.823047 0.768750 0.052344 0.081944
1 0.902734 0.529861 0.044531 0.054167
3 0.974219 0.457639 0.035937 0.048611
3 0.839453 0.371528 0.027344 0.040278
3 0.861328 0.357639 0.027344 0.040278
3 0.655078 0.436806 0.033594 0.043056
5 0.648047 0.410417 0.028906 0.034722
3 0.650391 0.389583 0.033594 0.045833
3 0.651563 0.358333 0.026563 0.038889
