3 0.139062 0.296528 0.025000 0.048611
3 0.454688 0.379861 0.031250 0.048611
3 0.432031 0.373611 0.025000 0.041667
3 0.565625 0.359028 0.028125 0.040278
5 0.599609 0.411111 0.028906 0.050000
3 0.616406 0.432639 0.031250 0.045833
4 0.660937 0.363194 0.029687 0.048611
3 0.746094 0.354167 0.025000 0.044444
3 0.758984 0.338889 0.028906 0.047222
3 0.827344 0.344444 0.029687 0.044444
3 0.912109 0.424306 0.036719 0.054167
3 0.925781 0.353472 0.032812 0.043056
1 0.895312 0.495139 0.037500 0.059722
2 0.969531 0.736111 0.054688 0.094444
0 0.867578 0.508333 0.038281 0.058333
