6 0.496875 0.378472 0.034375 0.051389
3 0.540234 0.362500 0.032031 0.047222
0 0.668750 0.404167 0.039062 0.050000
3 0.807031 0.538194 0.046875 0.065278
3 0.600000 0.877083 0.068750 0.098611
4 0.728516 0.301389 0.030469 0.041667
3 0.735937 0.209722 0.026563 0.041667
3 0.502344 0.271528 0.034375 0.043056
1 0.504297 0.184028 0.027344 0.040278
3 0.422656 0.227778 0.028125 0.038889
5 0.412500 0.280556 0.028125 0.038889
5 0.357812 0.234722 0.031250 0.044444
3 0.329297 0.323611 0.033594 0.047222
3 0.221484 0.304861 0.030469 0.045833
3 0.251563 0.240972 0.028125 0.043056
2 0.246094 0.185417 0.020312 0.034722
3 0.187500 0.176389 0.020312 0.033333
3 0.194531 0.160417 0.020312 0.037500
