1 0.534766 0.176389 0.038281 0.066667
3 0.600000 0.322917 0.045313 0.076389
3 0.792969 0.445833 0.045313 0.072222
3 0.828516 0.452083 0.050781 0.070833
3 0.897266 0.454861 0.049219 0.084722
3 0.851953 0.432639 0.041406 0.076389
5 0.811719 0.419444 0.040625 0.075000
0 0.895703 0.428472 0.044531 0.087500
3 0.354297 0.424306 0.053906 0.081944
7 0.462109 0.346528 0.046094 0.073611
3 0.312109 0.339583 0.052344 0.076389
3 0.172656 0.411806 0.054688 0.076389
3 0.195312 0.372917 0.046875 0.079167
2 0.192578 0.267361 0.042969 0.068056
3 0.128906 0.289583 0.045313 0.065278
3 0.096094 0.242361 0.042188 0.065278
3 0.033203 0.259722 0.044531 0.069444
