3 0.782812 0.311806 0.028125 0.040278
0 0.860156 0.339583 0.028125 0.045833
3 0.687500 0.191667 0.023438 0.033333
1 0.458984 0.183333 0.017969 0.030556
3 0.573047 0.260417 0.025781 0.040278
7 0.510547 0.276389 0.025781 0.036111
3 0.492969 0.318056 0.031250 0.044444
3 0.320703 0.435417 0.044531 0.062500
3 0.204688 0.852778 0.064062 0.094444
2 0.231250 0.210417 0.021875 0.037500
3 0.312891 0.256250 0.027344 0.040278
5 0.398828 0.245833 0.024219 0.041667
3 0.385938 0.313194 0.028125 0.048611
3 0.372266 0.294444 0.017969 0.030556
4 0.360938 0.283333 0.025000 0.038889
3 0.190234 0.206250 0.022656 0.034722
3 0.172266 0.186111 0.019531 0.036111
3 0.713672 0.324306 0.028906 0.051389
6 0.700781 0.344444 0.028125 0.044444
