3 0.661328 0.888889 0.063281 0.097222
3 0.602344 0.374306 0.031250 0.056944
3 0.698828 0.375000 0.035156 0.044444
0 0.734766 0.419444 0.036719 0.055556
3 0.799609 0.221528 0.027344 0.043056
3 0.566406 0.284722 0.026563 0.041667
1 0.566016 0.193056 0.022656 0.033333
3 0.042969 0.426389 0.040625 0.052778
3 0.256250 0.184028 0.023438 0.043056
3 0.263281 0.168056 0.021875 0.041667
2 0.312500 0.200694 0.025000 0.037500
3 0.316797 0.252083 0.027344 0.037500
3 0.286328 0.318750 0.030469 0.045833
3 0.359766 0.281250 0.027344 0.040278
3 0.391016 0.332639 0.032031 0.051389
5 0.421484 0.245833 0.027344 0.047222
7 0.475000 0.292361 0.023438 0.043056
4 0.515625 0.337500 0.032812 0.044444
6 0.562891 0.393750 0.033594 0.040278
