5 0.649219 0.413194 0.032812 0.034722
3 0.653906 0.435417 0.034375 0.048611
3 0.648828 0.388889 0.035156 0.044444
3 0.649219 0.357639 0.028125 0.034722
3 0.971484 0.458333 0.036719 0.050000
3 0.837109 0.372222 0.025781 0.044444
3 0.858594 0.358333 0.025000 0.030556
1 0.901172 0.530556 0.036719 0.050000
2 0.820312 0.765972 0.053125 0.084722
3 0.587109 0.682639 0.050781 0.073611
4 0.494531 0.512500 0.039062 0.052778
7 0.437109 0.399306 0.038281 0.051389
3 0.291797 0.268750 0.024219 0.034722
3 0.159766 0.398611 0.032031 0.050000
3 0.096484 0.207639 0.021094 0.034722
