3 0.159375 0.396528 0.031250 0.048611
3 0.292188 0.269444 0.023438 0.038889
3 0.097656 0.203472 0.023438 0.031944
4 0.504297 0.509028 0.038281 0.056944
7 0.437500 0.393750 0.031250 0.048611
3 0.583594 0.675694 0.045313 0.070833
2 0.820312 0.768750 0.053125 0.079167
1 0.901172 0.529167 0.038281 0.061111
3 0.971484 0.459028 0.036719 0.054167
3 0.837500 0.372222 0.028125 0.041667
3 0.858594 0.354167 0.026563 0.044444
3 0.653906 0.434028 0.029687 0.043056
5 0.648438 0.413194 0.031250 0.037500
3 0.647266 0.387500 0.028906 0.036111
3 0.649609 0.359722 0.027344 0.036111
