4 0.330078 0.522917 0.022656 0.034722
2 0.347266 0.459722 0.021094 0.033333
5 0.723437 0.331944 0.007812 0.019444
1 0.772656 0.309722 0.009375 0.016667
0 0.619531 0.383333 0.015625 0.022222
7 0.494141 0.508333 0.024219 0.041667
6 0.414062 0.480556 0.020312 0.030556
3 0.767969 0.324306 0.009375 0.015278
3 0.757812 0.325694 0.010937 0.012500
3 0.748438 0.328472 0.007812 0.015278
3 0.740234 0.332639 0.010156 0.015278
3 0.737500 0.320833 0.010937 0.013889
3 0.749219 0.322222 0.014062 0.019444
3 0.728906 0.321528 0.010937 0.020833
