3 0.300000 0.485417 0.048437 0.076389
3 0.358203 0.393056 0.046094 0.077778
3 0.150781 0.447917 0.048437 0.073611
3 0.213281 0.411111 0.046875 0.072222
3 0.254687 0.313889 0.042188 0.063889
3 0.197266 0.280556 0.042969 0.058333
3 0.224219 0.188889 0.031250 0.041667
3 0.659766 0.405556 0.046094 0.069444
7 0.496094 0.416667 0.046875 0.066667
1 0.773047 0.240972 0.036719 0.059722
3 0.712891 0.569444 0.050781 0.072222
3 0.739453 0.593056 0.046094 0.091667
3 0.810156 0.600694 0.050000 0.101389
3 0.776172 0.563194 0.041406 0.065278
5 0.755859 0.536111 0.039844 0.055556
0 0.834766 0.575000 0.044531 0.088889
