5 0.809766 0.417361 0.042969 0.056944
0 0.891406 0.426389 0.050000 0.058333
3 0.898828 0.462500 0.053906 0.069444
3 0.598437 0.325694 0.046875 0.068056
3 0.792188 0.447222 0.046875 0.083333
3 0.827734 0.468056 0.046094 0.077778
3 0.843750 0.434028 0.045313 0.073611
3 0.352344 0.429167 0.053125 0.072222
3 0.313672 0.344444 0.049219 0.069444
3 0.171094 0.416667 0.050000 0.072222
3 0.192969 0.372917 0.046875 0.062500
3 0.128906 0.290278 0.040625 0.061111
3 0.091797 0.236806 0.036719 0.059722
3 0.030859 0.268750 0.047656 0.070833
7 0.458984 0.350694 0.044531 0.068056
1 0.533594 0.184028 0.032812 0.059722
