0 0.828906 0.580556 0.050000 0.069444
3 0.807422 0.614583 0.058594 0.084722
3 0.733203 0.600000 0.057031 0.083333
3 0.707812 0.572917 0.045313 0.079167
3 0.654688 0.414583 0.045313 0.068056
5 0.744922 0.538889 0.039844 0.044444
7 0.489062 0.419444 0.048437 0.072222
3 0.353125 0.393750 0.043750 0.065278
2 0.329297 0.305556 0.033594 0.052778
3 0.249609 0.317361 0.039844 0.056944
1 0.765234 0.247917 0.039844 0.045833
3 0.296094 0.483333 0.050000 0.077778
3 0.209375 0.415278 0.046875 0.080556
3 0.141797 0.452083 0.052344 0.068056
3 0.190234 0.282639 0.039844 0.065278
3 0.217578 0.189583 0.035156 0.062500
