3 0.696094 0.193750 0.023438 0.034722
3 0.793359 0.313194 0.028906 0.043056
0 0.872656 0.340972 0.025000 0.043056
3 0.721484 0.327083 0.028906 0.043056
6 0.707812 0.345139 0.029687 0.040278
3 0.582422 0.265972 0.024219 0.037500
7 0.522266 0.276389 0.030469 0.038889
1 0.468750 0.194444 0.025000 0.030556
3 0.502734 0.320833 0.032031 0.044444
5 0.407813 0.247222 0.025000 0.036111
3 0.322266 0.259722 0.028906 0.041667
3 0.394531 0.321528 0.032812 0.043056
3 0.382812 0.299306 0.023438 0.031944
4 0.369531 0.290972 0.021875 0.037500
3 0.330078 0.434722 0.036719 0.055556
3 0.215625 0.854167 0.059375 0.088889
2 0.241797 0.218056 0.024219 0.038889
3 0.196484 0.206250 0.022656 0.034722
3 0.183203 0.188194 0.024219 0.045833
