3 0.301562 0.414583 0.034375 0.056944
3 0.187500 0.834028 0.057813 0.090278
2 0.212891 0.195833 0.025781 0.038889
3 0.152734 0.166667 0.021094 0.036111
3 0.169531 0.183333 0.018750 0.030556
3 0.294141 0.239583 0.024219 0.040278
4 0.331641 0.269444 0.028906 0.047222
3 0.352734 0.277778 0.022656 0.038889
3 0.366406 0.303472 0.028125 0.043056
5 0.382031 0.227083 0.021875 0.045833
1 0.441016 0.171528 0.024219 0.034722
7 0.494531 0.257639 0.025000 0.045833
3 0.556250 0.243056 0.021875 0.041667
3 0.475391 0.304167 0.033594 0.047222
3 0.669141 0.178472 0.019531 0.034722
3 0.765625 0.297222 0.028125 0.044444
0 0.841406 0.327083 0.028125 0.043056
6 0.682422 0.326389 0.028906 0.041667
3 0.695312 0.307639 0.026563 0.040278
