7 0.408984 0.281250 0.025781 0.040278
3 0.536328 0.359722 0.025781 0.055556
3 0.499219 0.269444 0.029687 0.044444
1 0.500781 0.182639 0.023438 0.037500
3 0.730469 0.209722 0.028125 0.041667
4 0.753516 0.306944 0.030469 0.052778
3 0.833984 0.525000 0.042969 0.066667
0 0.666797 0.406944 0.036719 0.052778
3 0.597656 0.870139 0.064062 0.093056
3 0.324219 0.323611 0.032812 0.041667
5 0.353125 0.234722 0.026563 0.036111
3 0.414062 0.227083 0.026563 0.034722
3 0.248828 0.239583 0.030469 0.040278
3 0.213281 0.307639 0.040625 0.043056
2 0.245312 0.186111 0.025000 0.036111
3 0.179688 0.174306 0.021875 0.029167
3 0.191797 0.160417 0.019531 0.026389
6 0.496484 0.381250 0.033594 0.045833
