3 0.264844 0.623611 0.040625 0.063889
3 0.469141 0.430556 0.032031 0.050000
3 0.554688 0.383333 0.031250 0.047222
3 0.629297 0.409722 0.033594 0.044444
5 0.682031 0.426389 0.031250 0.044444
3 0.725000 0.439583 0.037500 0.054167
3 0.726562 0.323611 0.028125 0.041667
3 0.685156 0.345833 0.026563 0.041667
3 0.665625 0.329167 0.025000 0.038889
3 0.893359 0.368056 0.030469 0.047222
1 0.986328 0.427778 0.027344 0.044444
4 0.798437 0.579861 0.048437 0.065278
7 0.358203 0.500694 0.041406 0.054167
0 0.140234 0.755556 0.055469 0.072222
