5 0.527734 0.380556 0.028906 0.033333
4 0.514453 0.121528 0.014844 0.023611
0 0.521094 0.229861 0.020312 0.040278
1 0.540234 0.617361 0.041406 0.070833
2 0.588672 0.143056 0.016406 0.027778
7 0.445312 0.143056 0.020312 0.027778
3 0.464063 0.459722 0.039062 0.050000
3 0.494922 0.463194 0.027344 0.051389
3 0.524219 0.464583 0.040625 0.048611
3 0.557031 0.465278 0.032812 0.050000
3 0.591016 0.463194 0.041406 0.054167
3 0.573047 0.438889 0.032031 0.027778
3 0.541016 0.440972 0.030469 0.037500
3 0.512891 0.440278 0.033594 0.030556
3 0.483594 0.439583 0.037500 0.031944
3 0.494922 0.420833 0.030469 0.027778
3 0.526563 0.420139 0.029687 0.040278
3 0.555859 0.420139 0.030469 0.031944
3 0.508203 0.400000 0.025781 0.027778
3 0.539062 0.402778 0.028125 0.027778
