3 0.313281 0.577083 0.107813 0.156944
3 0.421875 0.588889 0.104687 0.172222
3 0.527734 0.589583 0.105469 0.170833
3 0.633984 0.587500 0.110156 0.161111
3 0.744141 0.590972 0.110156 0.159722
3 0.685547 0.512500 0.096094 0.133333
3 0.583594 0.515278 0.103125 0.147222
3 0.481641 0.512500 0.097656 0.144444
3 0.376172 0.507639 0.105469 0.156944
3 0.430078 0.425000 0.091406 0.105556
3 0.532422 0.429861 0.086719 0.112500
3 0.633984 0.432639 0.091406 0.120833
3 0.580469 0.364583 0.084375 0.098611
3 0.483203 0.369444 0.075781 0.119444
3 0.533984 0.313194 0.086719 0.098611
5 0.549219 0.254167 0.103125 0.116667
