1 0.246484 0.246528 0.046094 0.079167
3 0.491406 0.315278 0.045313 0.077778
3 0.536328 0.297917 0.038281 0.070833
3 0.498828 0.268750 0.041406 0.037500
3 0.501172 0.240972 0.036719 0.043056
3 0.505078 0.211806 0.041406 0.043056
3 0.507031 0.182639 0.037500 0.031944
3 0.538281 0.254167 0.042188 0.050000
3 0.542578 0.225000 0.035156 0.050000
3 0.543750 0.189583 0.029687 0.037500
3 0.573047 0.279861 0.030469 0.065278
3 0.648438 0.253472 0.040625 0.065278
3 0.610547 0.265972 0.036719 0.073611
3 0.613672 0.222917 0.038281 0.048611
3 0.574219 0.204167 0.034375 0.041667
3 0.571094 0.237500 0.032812 0.030556
5 0.695312 0.257639 0.050000 0.073611
