3 0.712500 0.540278 0.100000 0.147222
3 0.614062 0.540278 0.096875 0.158333
3 0.517578 0.535417 0.099219 0.148611
3 0.418750 0.529167 0.098438 0.161111
3 0.319922 0.535417 0.099219 0.156944
3 0.375781 0.450000 0.084375 0.113889
3 0.463281 0.455556 0.081250 0.133333
3 0.560156 0.455556 0.092188 0.111111
3 0.661328 0.458333 0.086719 0.125000
3 0.612891 0.387500 0.096094 0.097222
3 0.519141 0.390278 0.083594 0.100000
3 0.431250 0.392361 0.096875 0.104167
3 0.478125 0.342361 0.079687 0.104167
3 0.566797 0.331250 0.089844 0.084722
3 0.521875 0.283333 0.081250 0.094444
5 0.530859 0.231944 0.085156 0.105556
