5 0.807422 0.288889 0.096094 0.141667
3 0.709766 0.279167 0.086719 0.138889
3 0.633984 0.315972 0.088281 0.140278
3 0.630078 0.231250 0.077344 0.106944
3 0.557422 0.190278 0.078906 0.100000
3 0.557031 0.261806 0.081250 0.095833
3 0.555859 0.345833 0.089844 0.133333
3 0.470313 0.379861 0.089062 0.140278
3 0.472266 0.284028 0.083594 0.093056
3 0.481250 0.215972 0.076563 0.073611
3 0.485156 0.152083 0.078125 0.112500
3 0.414844 0.125694 0.071875 0.084722
3 0.408594 0.184028 0.079687 0.087500
3 0.403906 0.242361 0.085938 0.065278
3 0.389453 0.320833 0.078906 0.111111
3 0.387891 0.418056 0.094531 0.150000
