3 0.550000 0.293056 0.040625 0.061111
3 0.525000 0.270139 0.026563 0.062500
3 0.561328 0.263889 0.027344 0.047222
3 0.505078 0.251389 0.032031 0.047222
3 0.487109 0.237500 0.035156 0.041667
3 0.469531 0.222917 0.034375 0.048611
3 0.501953 0.217361 0.028906 0.037500
3 0.531641 0.212500 0.027344 0.041667
3 0.566406 0.217361 0.035937 0.040278
3 0.585547 0.229861 0.027344 0.062500
1 0.317969 0.340972 0.045313 0.065278
0 0.894141 0.109028 0.030469 0.040278
5 0.619922 0.213194 0.030469 0.054167
7 0.986328 0.011806 0.019531 0.023611
