5 0.496484 0.404861 0.085156 0.104167
3 0.675781 0.713194 0.098438 0.148611
3 0.578125 0.713194 0.093750 0.143056
3 0.478516 0.709028 0.103906 0.140278
3 0.377344 0.708333 0.096875 0.155556
3 0.283203 0.715278 0.105469 0.158333
3 0.339844 0.637500 0.084375 0.136111
3 0.433594 0.640972 0.090625 0.134722
3 0.530859 0.640972 0.092969 0.143056
3 0.622656 0.638194 0.095312 0.123611
3 0.571875 0.576389 0.085938 0.127778
3 0.484375 0.565972 0.095312 0.101389
3 0.385938 0.563889 0.096875 0.119444
3 0.439063 0.515278 0.081250 0.105556
3 0.530859 0.510417 0.085156 0.101389
3 0.487891 0.469444 0.085156 0.097222
