0 0.723828 0.328472 0.044531 0.068056
3 0.353516 0.683333 0.064844 0.111111
3 0.142188 0.368056 0.048437 0.075000
3 0.160547 0.263194 0.041406 0.068056
3 0.086328 0.274306 0.042969 0.062500
3 0.392188 0.186806 0.007812 0.001389
3 0.379297 0.156944 0.033594 0.050000
3 0.439063 0.222222 0.032812 0.063889
3 0.521484 0.164583 0.033594 0.059722
3 0.667578 0.075000 0.032031 0.050000
3 0.548437 0.054861 0.025000 0.040278
1 0.582812 0.047222 0.029687 0.038889
5 0.560156 0.188194 0.035937 0.054167
4 0.408203 0.204861 0.030469 0.054167
