0 0.030347 0.07760299999999999 0.060694 0.13163
0 0.153179 0.060904 0.043352 0.074656
0 0.3424855 0.125737 0.08670500000000003 0.129666
0 0.4219655 0.061886 0.04046300000000003 0.08448
0 0.506503 0.089391 0.07948000000000005 0.13163000000000002
0 0.773121 0.5510805 0.4306359999999999 0.834971
0 0.5982655 0.0697445 0.04913300000000009 0.08840899999999999
0 0.78974 0.133595 0.08814999999999995 0.129666
0 0.8670519999999999 0.058939 0.049132000000000065 0.08644400000000001
0 0.974711 0.0697445 0.04768799999999995 0.12770099999999998
