0 0.113562 0.4281045 0.21405200000000002 0.18954300000000002
0 0.135621 0.4133985 0.199346 0.17973900000000004
0 0.25163399999999997 0.7189544999999999 0.25816999999999996 0.362745
0 0.250817 0.254085 0.240196 0.23692800000000003
0 0.248366 0.7140525 0.232026 0.333333
0 0.25571900000000003 0.254902 0.246732 0.264706
0 0.3398695 0.495098 0.30718900000000005 0.264706
0 0.5155225 0.745915 0.393791 0.19444400000000006
0 0.5449345 0.754085 0.41666700000000007 0.22385600000000005
0 0.4460785 0.23529450000000002 0.19281099999999995 0.156863
0 0.4591505 0.2271245 0.19281100000000007 0.173203
0 0.49264699999999995 0.375 0.20751599999999998 0.15522800000000003
0 0.49836600000000003 0.390523 0.19281000000000004 0.17320199999999997
0 0.6985295 0.215686 0.400327 0.303922
0 0.7091505 0.2116015 0.36601300000000003 0.312091
0 0.737745 0.522059 0.32189599999999996 0.18137199999999998
0 0.745915 0.49918300000000004 0.32189599999999996 0.15849600000000003
0 0.8341505 0.805556 0.31535899999999994 0.25817
0 0.861928 0.343954 0.21731999999999996 0.194444
0 0.870915 0.366013 0.212418 0.212418
