0 0.0725 0.1383675 0.145 0.276735
0 0.1653125 0.6031895 0.330625 0.791745
0 0.23343750000000002 0.22889299999999999 0.194375 0.450282
0 0.3803125 0.4296435 0.3193750000000001 0.671669
0 0.3796875 0.0816135 0.11562499999999998 0.163227
0 0.4865625 0.1449345 0.13437499999999997 0.19043100000000002
0 0.493125 0.236398 0.11124999999999996 0.37335799999999997
0 0.6012500000000001 0.3742965 0.21499999999999997 0.397749
0 0.573125 0.1060035 0.09250000000000003 0.138837
0 0.700625 0.3344275 0.1137499999999999 0.3574109999999999
0 0.73875 0.316604 0.10875000000000001 0.344278
0 0.7940625 0.30675399999999997 0.07562500000000005 0.309568
0 0.833125 0.2959665 0.05624999999999991 0.272983
0 0.8734375000000001 0.3212945 0.073125 0.214821
