0 0.03125 0.15000000000000002 0.0625 0.25
0 0.066406 0.315625 0.132812 0.20625000000000002
0 0.103125 0.833594 0.20625 0.3296880000000001
0 0.0570315 0.538281 0.104687 0.24531199999999997
0 0.1374995 0.4703125 0.215625 0.296875
0 0.161719 0.152344 0.20156200000000002 0.279688
0 0.25 0.560156 0.17500000000000002 0.25781199999999993
0 0.2382815 0.314844 0.13281300000000001 0.18906199999999998
0 0.303906 0.849219 0.214062 0.2984380000000001
0 0.354687 0.4617185 0.19375000000000003 0.29843699999999995
0 0.3609375 0.147656 0.19687499999999997 0.295312
0 0.430469 0.317187 0.16093800000000003 0.14375000000000002
0 0.44531299999999996 0.5515625 0.15624999999999994 0.259375
0 0.503906 0.8539065 0.21406199999999997 0.28906300000000007
0 0.5453125 0.4820315 0.203125 0.30468700000000004
0 0.5500005 0.1484375 0.171875 0.296875
0 0.6046875 0.5609379999999999 0.15312500000000007 0.21250000000000002
0 0.6273435 0.3171875 0.1265630000000001 0.19687500000000002
0 0.6812499999999999 0.808594 0.21250000000000002 0.34531199999999995
0 0.7429684999999999 0.1421875 0.20156300000000005 0.284375
0 0.7773435 0.471094 0.20781300000000003 0.31406200000000006
0 0.8148435 0.321875 0.151563 0.1375
0 0.890625 0.8265625 0.2156260000000001 0.33750100000000005
0 0.927344 0.1382815 0.1421880000000001 0.276563
0 0.9414065 0.4562495 0.11406300000000003 0.30937499999999996
