0 0.2478125 0.6658335 0.10562499999999997 0.373333
0 0.0175 0.3570835 0.035 0.14083299999999999
0 0.021875 0.50875 0.04375 0.19583399999999995
0 0.095625 0.243333 0.07499999999999998 0.14499999999999996
0 0.13375 0.5345835 0.07625 0.24083300000000002
0 0.1384375 0.30916699999999997 0.046874999999999986 0.15
0 0.1603125 0.2625 0.05437500000000001 0.198334
0 0.1940625 0.42 0.05437500000000001 0.191666
0 0.2390625 0.23875 0.07187500000000002 0.184166
0 0.2521875 0.3166665 0.05687500000000001 0.14666700000000002
0 0.43156249999999996 0.5825 0.10562500000000002 0.29666599999999993
0 0.4475 0.74 0.11499999999999999 0.37
0 0.6009375 0.79625 0.13937500000000003 0.39250000000000007
0 0.7906249999999999 0.7858335000000001 0.16000000000000003 0.426667
0 0.81375 0.6266665 0.14749999999999996 0.328333
0 0.76875 0.115833 0.05125000000000002 0.145
0 0.804375 0.2054165 0.08374999999999999 0.24416700000000002
0 0.953125 0.518333 0.09250000000000003 0.315
0 0.9603125 0.24625 0.078125 0.28750000000000003
