16 0.124000 0.319333 0.149333 0.141333
16 0.222000 0.410667 0.149333 0.141333
16 0.251333 0.536667 0.149333 0.141333
16 0.387667 0.502000 0.143333 0.138667
16 0.259000 0.292333 0.135333 0.126000
16 0.357000 0.390333 0.135333 0.126000
16 0.477667 0.366000 0.130000 0.121333
16 0.387667 0.281000 0.135333 0.126000
16 0.493000 0.256667 0.118000 0.117333
16 0.597333 0.236667 0.109333 0.106667
16 0.690333 0.216667 0.110000 0.109333
16 0.584000 0.342000 0.124000 0.120000
16 0.684667 0.320667 0.112000 0.117333
16 0.516000 0.472667 0.129333 0.126667
16 0.634333 0.444667 0.123333 0.121333
22 0.739000 0.414333 0.123333 0.116667
20 0.845000 0.500333 0.143333 0.127333
17 0.737333 0.535000 0.120000 0.131333
18 0.628333 0.568667 0.143333 0.132000
15 0.498333 0.610000 0.146000 0.149333
21 0.362000 0.647333 0.146667 0.146667
19 0.207667 0.690333 0.166000 0.163333
