16 0.192383 0.179036 0.128906 0.167969
16 0.319336 0.176432 0.128906 0.167969
16 0.444336 0.176432 0.128906 0.167969
16 0.571289 0.176432 0.128906 0.167969
16 0.696289 0.173828 0.128906 0.167969
16 0.821289 0.171224 0.128906 0.167969
16 0.764648 0.319661 0.128906 0.167969
16 0.638672 0.322266 0.128906 0.167969
16 0.508301 0.322266 0.127930 0.173177
16 0.377441 0.320964 0.127930 0.173177
16 0.247559 0.326823 0.131836 0.171875
16 0.236816 0.503906 0.139648 0.182292
16 0.378418 0.501302 0.139648 0.182292
16 0.516113 0.497396 0.139648 0.182292
16 0.647461 0.500000 0.132812 0.174479
22 0.785156 0.498047 0.146484 0.175781
15 0.871582 0.671875 0.149414 0.190104
17 0.727051 0.676432 0.139648 0.196615
19 0.587402 0.679036 0.143555 0.201823
20 0.445312 0.680990 0.142578 0.197917
18 0.299805 0.680990 0.148438 0.190104
21 0.148926 0.686198 0.153320 0.192708
