20 0.353033 0.507285 0.073171 0.158940
16 0.425578 0.508609 0.071920 0.150993
16 0.486241 0.429139 0.071920 0.150993
16 0.546279 0.354967 0.071920 0.150993
16 0.606316 0.272848 0.071920 0.150993
16 0.670106 0.189404 0.071920 0.150993
16 0.671982 0.347020 0.071920 0.150993
16 0.610069 0.430464 0.071920 0.150993
16 0.546904 0.500662 0.071920 0.150993
16 0.486867 0.580132 0.071920 0.150993
16 0.672608 0.492715 0.071920 0.150993
16 0.610069 0.577483 0.071920 0.150993
16 0.549406 0.650331 0.071920 0.150993
16 0.673859 0.646358 0.071920 0.150993
16 0.610694 0.725828 0.071920 0.150993
16 0.679487 0.796026 0.071920 0.150993
