16 0.335099 0.188555 0.150993 0.076923
16 0.068212 0.031270 0.133775 0.061288
16 0.707947 0.308318 0.152318 0.076298
16 0.474834 0.341463 0.152318 0.076298
16 0.121192 0.404628 0.152318 0.076298
16 0.322517 0.455285 0.152318 0.076298
16 0.456954 0.488430 0.153642 0.070044
16 0.438411 0.555972 0.153642 0.070044
16 0.139073 0.497186 0.153642 0.070044
16 0.098013 0.570982 0.153642 0.070044
16 0.188079 0.657911 0.153642 0.070044
16 0.321854 0.627267 0.153642 0.070044
16 0.621192 0.585366 0.153642 0.070044
16 0.797351 0.547842 0.153642 0.070044
16 0.691391 0.646654 0.153642 0.070044
