16 0.116313 0.396000 0.152158 0.138667
16 0.266277 0.396000 0.152158 0.138667
16 0.424287 0.396000 0.152158 0.138667
16 0.580834 0.396667 0.152158 0.138667
16 0.734455 0.396667 0.152158 0.138667
16 0.720556 0.535333 0.152158 0.138667
16 0.570593 0.534000 0.152158 0.138667
16 0.416971 0.535333 0.152158 0.138667
16 0.267008 0.535333 0.152158 0.138667
16 0.114119 0.530000 0.152158 0.138667
17 0.115582 0.667000 0.152158 0.136667
15 0.269203 0.670333 0.152158 0.139333
18 0.421726 0.671000 0.152890 0.138000
19 0.575347 0.671333 0.157279 0.137333
20 0.730066 0.672000 0.152158 0.140000
21 0.878566 0.466667 0.156547 0.142667
22 0.878932 0.601333 0.152890 0.141333
